1       384     7.0628
Resultados S: -7.94 -7.94 -7.94 -7.94 -7.94 -7.94 -7.94 -7.94 -7.94 -7.94
1       1152    7.0719
Resultados S: -292.07 -292.07 -292.07 -292.07 -292.07 -292.07 -292.07 -292.07 -292.07 -292.07
1       10240   7.0839
Resultados S: 16.73 16.73 16.73 16.73 16.73 16.73 16.73 16.73 16.73 16.73
1       15360   7.1070
Resultados S: 151.92 151.92 151.92 151.92 151.92 151.92 151.92 151.92 151.92 151.92
1       40960   7.1128
Resultados S: 31.12 31.12 31.12 31.12 31.12 31.12 31.12 31.12 31.12 31.12
1       81920   7.1394
Resultados S: 541.56 541.56 541.56 541.56 541.56 541.56 541.56 541.56 541.56 541.56
1       163840  7.1126
Resultados S: 291.33 291.33 291.33 291.33 291.33 291.33 291.33 291.33 291.33 291.33
8       384     6.9958
Resultados S: 0.34 0.34 0.34 0.34 0.34 0.34 0.34 0.34 0.34 0.34
8       1152    7.0878
Resultados S: -4.65 -4.65 -4.65 -4.65 -4.65 -4.65 -4.65 -4.65 -4.65 -4.65
8       10240   7.2425
Resultados S: -195.50 -195.50 -195.50 -195.50 -195.50 -195.50 -195.50 -195.50 -195.50 -195.50
8       15360   7.0984
Resultados S: -251.32 -251.32 -251.32 -251.32 -251.32 -251.32 -251.32 -251.32 -251.32 -251.32
8       40960   7.4240
Resultados S: -225.78 -225.78 -225.78 -225.78 -225.78 -225.78 -225.78 -225.78 -225.78 -225.78
8       81920   7.2588
Resultados S: 16.73 16.73 16.73 16.73 16.73 16.73 16.73 16.73 16.73 16.73
8       163840  7.2426
Resultados S: -42.15 -42.15 -42.15 -42.15 -42.15 -42.15 -42.15 -42.15 -42.15 -42.15
64      384     7.1125
Resultados S: 0.34 0.34 0.34 0.34 0.34 0.34 0.34 0.34 0.34 0.34
64      1152    7.1104
Resultados S: -4.65 -4.65 -4.65 -4.65 -4.65 -4.65 -4.65 -4.65 -4.65 -4.65
64      10240   7.3064
Resultados S: -195.50 -195.50 -195.50 -195.50 -195.50 -195.50 -195.50 -195.50 -195.50 -195.50
64      15360   7.2904
Resultados S: -251.32 -251.32 -251.32 -251.32 -251.32 -251.32 -251.32 -251.32 -251.32 -251.32
64      40960   8.3159
Resultados S: -225.78 -225.78 -225.78 -225.78 -225.78 -225.78 -225.78 -225.78 -225.78 -225.78
64      81920   13.5926
Resultados S: 16.73 16.73 16.73 16.73 16.73 16.73 16.73 16.73 16.73 16.73
64      163840  15.4871
Resultados S: -42.15 -42.15 -42.15 -42.15 -42.15 -42.15 -42.15 -42.15 -42.15 -42.15
512     384     7.4021
Resultados S: 0.34 0.34 0.34 0.34 0.34 0.34 0.34 0.34 0.34 0.34
512     1152    7.2639
Resultados S: -4.65 -4.65 -4.65 -4.65 -4.65 -4.65 -4.65 -4.65 -4.65 -4.65
512     10240   17.2312
Resultados S: -195.50 -195.50 -195.50 -195.50 -195.50 -195.50 -195.50 -195.50 -195.50 -195.50
512     15360   15.0916
Resultados S: -251.32 -251.32 -251.32 -251.32 -251.32 -251.32 -251.32 -251.32 -251.32 -251.32
512     40960   17.1990
Resultados S: -225.78 -225.78 -225.78 -225.78 -225.78 -225.78 -225.78 -225.78 -225.78 -225.78
512     81920   17.0780
Resultados S: 16.73 16.73 16.73 16.73 16.73 16.73 16.73 16.73 16.73 16.73
512     163840  17.6054
Resultados S: -42.15 -42.15 -42.15 -42.15 -42.15 -42.15 -42.15 -42.15 -42.15 -42.15
4096    384     7.1047
Resultados S: 0.34 0.34 0.34 0.34 0.34 0.34 0.34 0.34 0.34 0.34
4096    1152    18.0505
Resultados S: -4.65 -4.65 -4.65 -4.65 -4.65 -4.65 -4.65 -4.65 -4.65 -4.65
4096    10240   31.7118
Resultados S: -195.50 -195.50 -195.50 -195.50 -195.50 -195.50 -195.50 -195.50 -195.50 -195.50
4096    15360   32.4074
Resultados S: -251.32 -251.32 -251.32 -251.32 -251.32 -251.32 -251.32 -251.32 -251.32 -251.32
4096    40960   32.7545
Resultados S: -225.78 -225.78 -225.78 -225.78 -225.78 -225.78 -225.78 -225.78 -225.78 -225.78
4096    81920   32.8861
Resultados S: 116.77 116.77 116.77 116.77 116.77 116.77 116.77 116.77 116.77 116.77
4096    163840  33.0877
Resultados S: 117.69 117.69 117.69 117.69 117.69 117.69 117.69 117.69 117.69 117.69
1       384     7.0605
Resultados S: 9.65 9.65 9.65 9.65 9.65 9.65 9.65 9.65 9.65 9.65
1       1152    7.1628
Resultados S: 21.41 21.41 21.41 21.41 21.41 21.41 21.41 21.41 21.41 21.41
1       10240   7.0912
Resultados S: -517.94 -517.94 -517.94 -517.94 -517.94 -517.94 -517.94 -517.94 -517.94 -517.94
1       15360   7.1026
Resultados S: -689.23 -689.23 -689.23 -689.23 -689.23 -689.23 -689.23 -689.23 -689.23 -689.23
1       40960   7.1285
Resultados S: 322.79 322.79 322.79 322.79 322.79 322.79 322.79 322.79 322.79 322.79
1       81920   7.1130
Resultados S: 680.05 680.05 680.05 680.05 680.05 680.05 680.05 680.05 680.05 680.05
1       163840  7.1144
Resultados S: -272.85 -272.85 -272.85 -272.85 -272.85 -272.85 -272.85 -272.85 -272.85 -272.85
8       384     6.9682
Resultados S: -11.01 -11.01 -11.01 -11.01 -11.01 -11.01 -11.01 -11.01 -11.01 -11.01
8       1152    7.1474
Resultados S: -5.33 -5.33 -5.33 -5.33 -5.33 -5.33 -5.33 -5.33 -5.33 -5.33
8       10240   7.1684
Resultados S: 65.59 65.59 65.59 65.59 65.59 65.59 65.59 65.59 65.59 65.59
8       15360   7.1932
Resultados S: 163.99 163.99 163.99 163.99 163.99 163.99 163.99 163.99 163.99 163.99
8       40960   7.2387
Resultados S: 79.25 79.25 79.25 79.25 79.25 79.25 79.25 79.25 79.25 79.25
8       81920   7.2716
Resultados S: -517.94 -517.94 -517.94 -517.94 -517.94 -517.94 -517.94 -517.94 -517.94 -517.94
8       163840  7.2401
Resultados S: -32.64 -32.64 -32.64 -32.64 -32.64 -32.64 -32.64 -32.64 -32.64 -32.64
64      384     7.0714
Resultados S: -11.01 -11.01 -11.01 -11.01 -11.01 -11.01 -11.01 -11.01 -11.01 -11.01
64      1152    7.1401
Resultados S: -5.33 -5.33 -5.33 -5.33 -5.33 -5.33 -5.33 -5.33 -5.33 -5.33
64      10240   7.4068
Resultados S: 65.59 65.59 65.59 65.59 65.59 65.59 65.59 65.59 65.59 65.59
64      15360   7.2197
Resultados S: 163.99 163.99 163.99 163.99 163.99 163.99 163.99 163.99 163.99 163.99
64      40960   8.1949
Resultados S: 79.25 79.25 79.25 79.25 79.25 79.25 79.25 79.25 79.25 79.25
64      81920   13.4083
Resultados S: -517.94 -517.94 -517.94 -517.94 -517.94 -517.94 -517.94 -517.94 -517.94 -517.94
64      163840  15.6463
Resultados S: -32.64 -32.64 -32.64 -32.64 -32.64 -32.64 -32.64 -32.64 -32.64 -32.64
512     384     13.8339
Resultados S: -11.01 -11.01 -11.01 -11.01 -11.01 -11.01 -11.01 -11.01 -11.01 -11.01
512     1152    7.2375
Resultados S: -5.33 -5.33 -5.33 -5.33 -5.33 -5.33 -5.33 -5.33 -5.33 -5.33
512     10240   13.8313
Resultados S: 65.59 65.59 65.59 65.59 65.59 65.59 65.59 65.59 65.59 65.59
512     15360   15.1975
Resultados S: 163.99 163.99 163.99 163.99 163.99 163.99 163.99 163.99 163.99 163.99
512     40960   16.8149
Resultados S: 79.25 79.25 79.25 79.25 79.25 79.25 79.25 79.25 79.25 79.25
512     81920   17.3335
Resultados S: -517.94 -517.94 -517.94 -517.94 -517.94 -517.94 -517.94 -517.94 -517.94 -517.94
512     163840  17.2693
Resultados S: -32.64 -32.64 -32.64 -32.64 -32.64 -32.64 -32.64 -32.64 -32.64 -32.64
4096    384     7.2359
Resultados S: -11.01 -11.01 -11.01 -11.01 -11.01 -11.01 -11.01 -11.01 -11.01 -11.01
4096    1152    18.9128
Resultados S: -5.33 -5.33 -5.33 -5.33 -5.33 -5.33 -5.33 -5.33 -5.33 -5.33
4096    10240   31.8005
Resultados S: 65.59 65.59 65.59 65.59 65.59 65.59 65.59 65.59 65.59 65.59
4096    15360   31.7011
Resultados S: 163.99 163.99 163.99 163.99 163.99 163.99 163.99 163.99 163.99 163.99
4096    40960   32.5976
Resultados S: 79.25 79.25 79.25 79.25 79.25 79.25 79.25 79.25 79.25 79.25
4096    81920   32.6518
Resultados S: -517.94 -517.94 -517.94 -517.94 -517.94 -517.94 -517.94 -517.94 -517.94 -517.94
4096    163840  33.1311
Resultados S: -611.70 -611.70 -611.70 -611.70 -611.70 -611.70 -611.70 -611.70 -611.70 -611.70
1       384     7.0600
Resultados S: -48.16 -48.16 -48.16 -48.16 -48.16 -48.16 -48.16 -48.16 -48.16 -48.16
1       1152    7.1570
Resultados S: -136.68 -136.68 -136.68 -136.68 -136.68 -136.68 -136.68 -136.68 -136.68 -136.68
1       10240   7.0891
Resultados S: -248.96 -248.96 -248.96 -248.96 -248.96 -248.96 -248.96 -248.96 -248.96 -248.96
1       15360   7.0930
Resultados S: -341.80 -341.80 -341.80 -341.80 -341.80 -341.80 -341.80 -341.80 -341.80 -341.80
1       40960   7.1134
Resultados S: -723.29 -723.29 -723.29 -723.29 -723.29 -723.29 -723.29 -723.29 -723.29 -723.29
1       81920   7.1239
Resultados S: -442.35 -442.35 -442.35 -442.35 -442.35 -442.35 -442.35 -442.35 -442.35 -442.35
1       163840  7.1099
Resultados S: -1075.53 -1075.53 -1075.53 -1075.53 -1075.53 -1075.53 -1075.53 -1075.53 -1075.53 -1075.53
8       384     6.9833
Resultados S: 3.20 3.20 3.20 3.20 3.20 3.20 3.20 3.20 3.20 3.20
8       1152    7.1422
Resultados S: -46.12 -46.12 -46.12 -46.12 -46.12 -46.12 -46.12 -46.12 -46.12 -46.12
8       10240   7.1023
Resultados S: -178.95 -178.95 -178.95 -178.95 -178.95 -178.95 -178.95 -178.95 -178.95 -178.95
8       15360   7.2832
Resultados S: 48.64 48.64 48.64 48.64 48.64 48.64 48.64 48.64 48.64 48.64
8       40960   7.3723
Resultados S: 10.85 10.85 10.85 10.85 10.85 10.85 10.85 10.85 10.85 10.85
8       81920   7.2609
Resultados S: -248.96 -248.96 -248.96 -248.96 -248.96 -248.96 -248.96 -248.96 -248.96 -248.96
8       163840  7.2551
Resultados S: -611.70 -611.70 -611.70 -611.70 -611.70 -611.70 -611.70 -611.70 -611.70 -611.70
64      384     7.0427
Resultados S: 3.20 3.20 3.20 3.20 3.20 3.20 3.20 3.20 3.20 3.20
64      1152    7.1115
Resultados S: -46.12 -46.12 -46.12 -46.12 -46.12 -46.12 -46.12 -46.12 -46.12 -46.12
64      10240   7.1613
Resultados S: -178.95 -178.95 -178.95 -178.95 -178.95 -178.95 -178.95 -178.95 -178.95 -178.95
64      15360   7.2200
Resultados S: 48.64 48.64 48.64 48.64 48.64 48.64 48.64 48.64 48.64 48.64
64      40960   7.9253
Resultados S: 10.85 10.85 10.85 10.85 10.85 10.85 10.85 10.85 10.85 10.85
64      81920   13.3892
Resultados S: -248.96 -248.96 -248.96 -248.96 -248.96 -248.96 -248.96 -248.96 -248.96 -248.96
64      163840  15.3953
Resultados S: -611.70 -611.70 -611.70 -611.70 -611.70 -611.70 -611.70 -611.70 -611.70 -611.70
512     384     7.4844
Resultados S: 3.20 3.20 3.20 3.20 3.20 3.20 3.20 3.20 3.20 3.20
512     1152    7.2465
Resultados S: -46.12 -46.12 -46.12 -46.12 -46.12 -46.12 -46.12 -46.12 -46.12 -46.12
512     10240   13.9026
Resultados S: -178.95 -178.95 -178.95 -178.95 -178.95 -178.95 -178.95 -178.95 -178.95 -178.95
512     15360   15.2901
Resultados S: 48.64 48.64 48.64 48.64 48.64 48.64 48.64 48.64 48.64 48.64
512     40960   16.8481
Resultados S: 10.85 10.85 10.85 10.85 10.85 10.85 10.85 10.85 10.85 10.85
512     81920   17.0780
Resultados S: -248.96 -248.96 -248.96 -248.96 -248.96 -248.96 -248.96 -248.96 -248.96 -248.96
512     163840  17.4207
Resultados S: -637.33 -637.33 -637.33 -637.33 -637.33 -637.33 -637.33 -637.33 -637.33 -637.33
4096    384     8.0646
Resultados S: -13.33 -13.33 -13.33 -13.33 -13.33 -13.33 -13.33 -13.33 -13.33 -13.33
4096    1152    18.6477
Resultados S: 8.16 8.16 8.16 8.16 8.16 8.16 8.16 8.16 8.16 8.16
4096    10240   31.8795
Resultados S: -41.82 -41.82 -41.82 -41.82 -41.82 -41.82 -41.82 -41.82 -41.82 -41.82
4096    15360   32.1278
Resultados S: -27.27 -27.27 -27.27 -27.27 -27.27 -27.27 -27.27 -27.27 -27.27 -27.27
4096    40960   32.8807
Resultados S: -212.64 -212.64 -212.64 -212.64 -212.64 -212.64 -212.64 -212.64 -212.64 -212.64
4096    81920   32.7402
Resultados S: 19.47 19.47 19.47 19.47 19.47 19.47 19.47 19.47 19.47 19.47
4096    163840  32.7897
Resultados S: -637.33 -637.33 -637.33 -637.33 -637.33 -637.33 -637.33 -637.33 -637.33 -637.33
1       384     7.0607
Resultados S: 1.36 1.36 1.36 1.36 1.36 1.36 1.36 1.36 1.36 1.36
1       1152    7.0832
Resultados S: 26.26 26.26 26.26 26.26 26.26 26.26 26.26 26.26 26.26 26.26
1       10240   7.0926
Resultados S: 357.89 357.89 357.89 357.89 357.89 357.89 357.89 357.89 357.89 357.89
1       15360   7.0992
Resultados S: -55.62 -55.62 -55.62 -55.62 -55.62 -55.62 -55.62 -55.62 -55.62 -55.62
1       40960   7.1273
Resultados S: 290.55 290.55 290.55 290.55 290.55 290.55 290.55 290.55 290.55 290.55
1       81920   7.1345
Resultados S: -440.64 -440.64 -440.64 -440.64 -440.64 -440.64 -440.64 -440.64 -440.64 -440.64
1       163840  7.1141
Resultados S: -2107.80 -2107.80 -2107.80 -2107.80 -2107.80 -2107.80 -2107.80 -2107.80 -2107.80 -2107.80
8       384     6.9760
Resultados S: -26.49 -26.49 -26.49 -26.49 -26.49 -26.49 -26.49 -26.49 -26.49 -26.49
8       1152    7.1377
Resultados S: 25.01 25.01 25.01 25.01 25.01 25.01 25.01 25.01 25.01 25.01
8       10240   7.1265
Resultados S: 44.03 44.03 44.03 44.03 44.03 44.03 44.03 44.03 44.03 44.03
8       15360   7.2307
Resultados S: 229.72 229.72 229.72 229.72 229.72 229.72 229.72 229.72 229.72 229.72
8       40960   7.2202
Resultados S: 32.87 32.87 32.87 32.87 32.87 32.87 32.87 32.87 32.87 32.87
8       81920   7.2414
Resultados S: 357.89 357.89 357.89 357.89 357.89 357.89 357.89 357.89 357.89 357.89
8       163840  7.2537
Resultados S: 517.75 517.75 517.75 517.75 517.75 517.75 517.75 517.75 517.75 517.75
64      384     7.0948
Resultados S: -26.49 -26.49 -26.49 -26.49 -26.49 -26.49 -26.49 -26.49 -26.49 -26.49
64      1152    7.1488
Resultados S: 25.01 25.01 25.01 25.01 25.01 25.01 25.01 25.01 25.01 25.01
64      10240   7.4716
Resultados S: 44.03 44.03 44.03 44.03 44.03 44.03 44.03 44.03 44.03 44.03
64      15360   7.2308
Resultados S: 229.72 229.72 229.72 229.72 229.72 229.72 229.72 229.72 229.72 229.72
64      40960   8.1626
Resultados S: 32.87 32.87 32.87 32.87 32.87 32.87 32.87 32.87 32.87 32.87
64      81920   13.4550
Resultados S: 357.89 357.89 357.89 357.89 357.89 357.89 357.89 357.89 357.89 357.89
64      163840  15.5220
Resultados S: 517.75 517.75 517.75 517.75 517.75 517.75 517.75 517.75 517.75 517.75
512     384     14.5818
Resultados S: -26.49 -26.49 -26.49 -26.49 -26.49 -26.49 -26.49 -26.49 -26.49 -26.49
512     1152    7.2323
Resultados S: 25.01 25.01 25.01 25.01 25.01 25.01 25.01 25.01 25.01 25.01
512     10240   14.0774
Resultados S: 44.03 44.03 44.03 44.03 44.03 44.03 44.03 44.03 44.03 44.03
512     15360   15.4329
Resultados S: 229.72 229.72 229.72 229.72 229.72 229.72 229.72 229.72 229.72 229.72
512     40960   16.7381
Resultados S: 32.87 32.87 32.87 32.87 32.87 32.87 32.87 32.87 32.87 32.87
512     81920   17.5450
Resultados S: 357.89 357.89 357.89 357.89 357.89 357.89 357.89 357.89 357.89 357.89
512     163840  17.3867
Resultados S: 517.75 517.75 517.75 517.75 517.75 517.75 517.75 517.75 517.75 517.75
4096    384     7.1797
Resultados S: -26.49 -26.49 -26.49 -26.49 -26.49 -26.49 -26.49 -26.49 -26.49 -26.49
4096    1152    18.3314
Resultados S: 25.01 25.01 25.01 25.01 25.01 25.01 25.01 25.01 25.01 25.01
4096    10240   32.9363
Resultados S: 44.03 44.03 44.03 44.03 44.03 44.03 44.03 44.03 44.03 44.03
4096    15360   32.0560
Resultados S: 229.72 229.72 229.72 229.72 229.72 229.72 229.72 229.72 229.72 229.72
4096    40960   32.7349
Resultados S: 32.87 32.87 32.87 32.87 32.87 32.87 32.87 32.87 32.87 32.87
4096    81920   32.7594
Resultados S: 159.48 159.48 159.48 159.48 159.48 159.48 159.48 159.48 159.48 159.48
4096    163840  33.0993
Resultados S: 832.40 832.40 832.40 832.40 832.40 832.40 832.40 832.40 832.40 832.40
1       384     7.0592
Resultados S: 103.07 103.07 103.07 103.07 103.07 103.07 103.07 103.07 103.07 103.07
1       1152    7.0719
Resultados S: -141.43 -141.43 -141.43 -141.43 -141.43 -141.43 -141.43 -141.43 -141.43 -141.43
1       10240   7.0974
Resultados S: 159.48 159.48 159.48 159.48 159.48 159.48 159.48 159.48 159.48 159.48
1       15360   7.0880
Resultados S: 439.69 439.69 439.69 439.69 439.69 439.69 439.69 439.69 439.69 439.69
1       40960   7.1380
Resultados S: 889.48 889.48 889.48 889.48 889.48 889.48 889.48 889.48 889.48 889.48
1       81920   7.1447
Resultados S: 2424.53 2424.53 2424.53 2424.53 2424.53 2424.53 2424.53 2424.53 2424.53 2424.53
1       163840  7.1147
Resultados S: -1621.91 -1621.91 -1621.91 -1621.91 -1621.91 -1621.91 -1621.91 -1621.91 -1621.91 -1621.91
8       384     10.2943
Resultados S: -13.08 -13.08 -13.08 -13.08 -13.08 -13.08 -13.08 -13.08 -13.08 -13.08
8       1152    7.0745
Resultados S: 15.38 15.38 15.38 15.38 15.38 15.38 15.38 15.38 15.38 15.38
8       10240   7.2305
Resultados S: -117.85 -117.85 -117.85 -117.85 -117.85 -117.85 -117.85 -117.85 -117.85 -117.85
8       15360   7.0998
Resultados S: -70.95 -70.95 -70.95 -70.95 -70.95 -70.95 -70.95 -70.95 -70.95 -70.95
8       40960   7.2186
Resultados S: -137.48 -137.48 -137.48 -137.48 -137.48 -137.48 -137.48 -137.48 -137.48 -137.48
8       81920   7.2438
Resultados S: -311.18 -311.18 -311.18 -311.18 -311.18 -311.18 -311.18 -311.18 -311.18 -311.18
8       163840  7.2395
Resultados S: -878.66 -878.66 -878.66 -878.66 -878.66 -878.66 -878.66 -878.66 -878.66 -878.66
64      384     7.0547
Resultados S: -13.08 -13.08 -13.08 -13.08 -13.08 -13.08 -13.08 -13.08 -13.08 -13.08
64      1152    7.1075
Resultados S: 15.38 15.38 15.38 15.38 15.38 15.38 15.38 15.38 15.38 15.38
64      10240   7.1751
Resultados S: -117.85 -117.85 -117.85 -117.85 -117.85 -117.85 -117.85 -117.85 -117.85 -117.85
64      15360   7.2436
Resultados S: -70.95 -70.95 -70.95 -70.95 -70.95 -70.95 -70.95 -70.95 -70.95 -70.95
64      40960   8.0061
Resultados S: -137.48 -137.48 -137.48 -137.48 -137.48 -137.48 -137.48 -137.48 -137.48 -137.48
64      81920   13.3297
Resultados S: -311.18 -311.18 -311.18 -311.18 -311.18 -311.18 -311.18 -311.18 -311.18 -311.18
64      163840  15.4626
Resultados S: -878.66 -878.66 -878.66 -878.66 -878.66 -878.66 -878.66 -878.66 -878.66 -878.66
512     384     7.6599
Resultados S: -13.08 -13.08 -13.08 -13.08 -13.08 -13.08 -13.08 -13.08 -13.08 -13.08
512     1152    7.2363
Resultados S: 15.38 15.38 15.38 15.38 15.38 15.38 15.38 15.38 15.38 15.38
512     10240   13.7349
Resultados S: -117.85 -117.85 -117.85 -117.85 -117.85 -117.85 -117.85 -117.85 -117.85 -117.85
512     15360   17.0631
Resultados S: -70.95 -70.95 -70.95 -70.95 -70.95 -70.95 -70.95 -70.95 -70.95 -70.95
512     40960   16.8606
Resultados S: -137.48 -137.48 -137.48 -137.48 -137.48 -137.48 -137.48 -137.48 -137.48 -137.48
512     81920   17.5141
Resultados S: -311.18 -311.18 -311.18 -311.18 -311.18 -311.18 -311.18 -311.18 -311.18 -311.18
512     163840  17.2729
Resultados S: -878.66 -878.66 -878.66 -878.66 -878.66 -878.66 -878.66 -878.66 -878.66 -878.66
4096    384     7.1375
Resultados S: -13.08 -13.08 -13.08 -13.08 -13.08 -13.08 -13.08 -13.08 -13.08 -13.08
4096    1152    17.4943
Resultados S: 15.38 15.38 15.38 15.38 15.38 15.38 15.38 15.38 15.38 15.38
4096    10240   32.1200
Resultados S: -117.85 -117.85 -117.85 -117.85 -117.85 -117.85 -117.85 -117.85 -117.85 -117.85
4096    15360   32.0191
Resultados S: -70.95 -70.95 -70.95 -70.95 -70.95 -70.95 -70.95 -70.95 -70.95 -70.95
4096    40960   32.7005
Resultados S: -137.48 -137.48 -137.48 -137.48 -137.48 -137.48 -137.48 -137.48 -137.48 -137.48
4096    81920   32.6887
Resultados S: -311.18 -311.18 -311.18 -311.18 -311.18 -311.18 -311.18 -311.18 -311.18 -311.18
4096    163840  33.1490
Resultados S: -878.66 -878.66 -878.66 -878.66 -878.66 -878.66 -878.66 -878.66 -878.66 -878.66
1       384     7.0699
Resultados S: 39.41 39.41 39.41 39.41 39.41 39.41 39.41 39.41 39.41 39.41
1       1152    7.1442
Resultados S: 277.85 277.85 277.85 277.85 277.85 277.85 277.85 277.85 277.85 277.85
1       10240   7.0871
Resultados S: -404.60 -404.60 -404.60 -404.60 -404.60 -404.60 -404.60 -404.60 -404.60 -404.60
1       15360   7.0916
Resultados S: -179.48 -179.48 -179.48 -179.48 -179.48 -179.48 -179.48 -179.48 -179.48 -179.48
1       40960   7.1294
Resultados S: 240.22 240.22 240.22 240.22 240.22 240.22 240.22 240.22 240.22 240.22
1       81920   7.1155
Resultados S: 446.78 446.78 446.78 446.78 446.78 446.78 446.78 446.78 446.78 446.78
1       163840  7.1131
Resultados S: 1406.37 1406.37 1406.37 1406.37 1406.37 1406.37 1406.37 1406.37 1406.37 1406.37
8       384     6.9656
Resultados S: -35.63 -35.63 -35.63 -35.63 -35.63 -35.63 -35.63 -35.63 -35.63 -35.63
8       1152    7.0734
Resultados S: -38.82 -38.82 -38.82 -38.82 -38.82 -38.82 -38.82 -38.82 -38.82 -38.82
8       10240   7.1664
Resultados S: 224.29 224.29 224.29 224.29 224.29 224.29 224.29 224.29 224.29 224.29
8       15360   7.1308
Resultados S: 321.65 321.65 321.65 321.65 321.65 321.65 321.65 321.65 321.65 321.65
8       40960   7.2363
Resultados S: -50.43 -50.43 -50.43 -50.43 -50.43 -50.43 -50.43 -50.43 -50.43 -50.43
8       81920   7.2501
Resultados S: -404.60 -404.60 -404.60 -404.60 -404.60 -404.60 -404.60 -404.60 -404.60 -404.60
8       163840  7.2596
Resultados S: 22.00 22.00 22.00 22.00 22.00 22.00 22.00 22.00 22.00 22.00
64      384     7.0807
Resultados S: -35.63 -35.63 -35.63 -35.63 -35.63 -35.63 -35.63 -35.63 -35.63 -35.63
64      1152    7.1389
Resultados S: -38.82 -38.82 -38.82 -38.82 -38.82 -38.82 -38.82 -38.82 -38.82 -38.82
64      10240   7.4712
Resultados S: 224.29 224.29 224.29 224.29 224.29 224.29 224.29 224.29 224.29 224.29
64      15360   7.2374
Resultados S: 321.65 321.65 321.65 321.65 321.65 321.65 321.65 321.65 321.65 321.65
64      40960   7.9901
Resultados S: -50.43 -50.43 -50.43 -50.43 -50.43 -50.43 -50.43 -50.43 -50.43 -50.43
64      81920   13.5140
Resultados S: -404.60 -404.60 -404.60 -404.60 -404.60 -404.60 -404.60 -404.60 -404.60 -404.60
64      163840  15.5823
Resultados S: 22.00 22.00 22.00 22.00 22.00 22.00 22.00 22.00 22.00 22.00
512     384     13.7292
Resultados S: -35.63 -35.63 -35.63 -35.63 -35.63 -35.63 -35.63 -35.63 -35.63 -35.63
512     1152    7.2547
Resultados S: -38.82 -38.82 -38.82 -38.82 -38.82 -38.82 -38.82 -38.82 -38.82 -38.82
512     10240   14.0099
Resultados S: 224.29 224.29 224.29 224.29 224.29 224.29 224.29 224.29 224.29 224.29
512     15360   15.4248
Resultados S: 321.65 321.65 321.65 321.65 321.65 321.65 321.65 321.65 321.65 321.65
512     40960   17.0854
Resultados S: -50.43 -50.43 -50.43 -50.43 -50.43 -50.43 -50.43 -50.43 -50.43 -50.43
512     81920   17.1696
Resultados S: -404.60 -404.60 -404.60 -404.60 -404.60 -404.60 -404.60 -404.60 -404.60 -404.60
512     163840  17.6307
Resultados S: 22.00 22.00 22.00 22.00 22.00 22.00 22.00 22.00 22.00 22.00
4096    384     7.1698
Resultados S: 12.05 12.05 12.05 12.05 12.05 12.05 12.05 12.05 12.05 12.05
4096    1152    18.4168
Resultados S: 22.53 22.53 22.53 22.53 22.53 22.53 22.53 22.53 22.53 22.53
4096    10240   31.6950
Resultados S: 95.44 95.44 95.44 95.44 95.44 95.44 95.44 95.44 95.44 95.44
4096    15360   32.0189
Resultados S: 56.20 56.20 56.20 56.20 56.20 56.20 56.20 56.20 56.20 56.20
4096    40960   32.7087
Resultados S: -293.98 -293.98 -293.98 -293.98 -293.98 -293.98 -293.98 -293.98 -293.98 -293.98
4096    81920   33.0597
Resultados S: -313.75 -313.75 -313.75 -313.75 -313.75 -313.75 -313.75 -313.75 -313.75 -313.75
4096    163840  32.8197
Resultados S: -94.64 -94.64 -94.64 -94.64 -94.64 -94.64 -94.64 -94.64 -94.64 -94.64
1       384     7.0605
Resultados S: 34.05 34.05 34.05 34.05 34.05 34.05 34.05 34.05 34.05 34.05
1       1152    7.0705
Resultados S: 57.30 57.30 57.30 57.30 57.30 57.30 57.30 57.30 57.30 57.30
1       10240   7.0837
Resultados S: -234.91 -234.91 -234.91 -234.91 -234.91 -234.91 -234.91 -234.91 -234.91 -234.91
1       15360   7.0909
Resultados S: -111.76 -111.76 -111.76 -111.76 -111.76 -111.76 -111.76 -111.76 -111.76 -111.76
1       40960   7.1418
Resultados S: 101.21 101.21 101.21 101.21 101.21 101.21 101.21 101.21 101.21 101.21
1       81920   7.1140
Resultados S: 1014.56 1014.56 1014.56 1014.56 1014.56 1014.56 1014.56 1014.56 1014.56 1014.56
1       163840  7.1396
Resultados S: 507.48 507.48 507.48 507.48 507.48 507.48 507.48 507.48 507.48 507.48
8       384     6.9630
Resultados S: 3.58 3.58 3.58 3.58 3.58 3.58 3.58 3.58 3.58 3.58
8       1152    7.0832
Resultados S: -21.76 -21.76 -21.76 -21.76 -21.76 -21.76 -21.76 -21.76 -21.76 -21.76
8       10240   7.2666
Resultados S: 65.16 65.16 65.16 65.16 65.16 65.16 65.16 65.16 65.16 65.16
8       15360   7.1813
Resultados S: -18.27 -18.27 -18.27 -18.27 -18.27 -18.27 -18.27 -18.27 -18.27 -18.27
8       40960   7.2196
Resultados S: 290.82 290.82 290.82 290.82 290.82 290.82 290.82 290.82 290.82 290.82
8       81920   7.2706
Resultados S: -234.91 -234.91 -234.91 -234.91 -234.91 -234.91 -234.91 -234.91 -234.91 -234.91
8       163840  7.3166
Resultados S: -238.72 -238.72 -238.72 -238.72 -238.72 -238.72 -238.72 -238.72 -238.72 -238.72
64      384     7.0583
Resultados S: 3.58 3.58 3.58 3.58 3.58 3.58 3.58 3.58 3.58 3.58
64      1152    7.1366
Resultados S: -21.76 -21.76 -21.76 -21.76 -21.76 -21.76 -21.76 -21.76 -21.76 -21.76
64      10240   7.1736
Resultados S: 65.16 65.16 65.16 65.16 65.16 65.16 65.16 65.16 65.16 65.16
64      15360   7.1583
Resultados S: -18.27 -18.27 -18.27 -18.27 -18.27 -18.27 -18.27 -18.27 -18.27 -18.27
64      40960   8.3345
Resultados S: 290.82 290.82 290.82 290.82 290.82 290.82 290.82 290.82 290.82 290.82
64      81920   13.6125
Resultados S: -234.91 -234.91 -234.91 -234.91 -234.91 -234.91 -234.91 -234.91 -234.91 -234.91
64      163840  15.4455
Resultados S: -238.72 -238.72 -238.72 -238.72 -238.72 -238.72 -238.72 -238.72 -238.72 -238.72
512     384     7.3521
Resultados S: 3.58 3.58 3.58 3.58 3.58 3.58 3.58 3.58 3.58 3.58
512     1152    7.2375
Resultados S: -21.76 -21.76 -21.76 -21.76 -21.76 -21.76 -21.76 -21.76 -21.76 -21.76
512     10240   14.1253
Resultados S: 65.16 65.16 65.16 65.16 65.16 65.16 65.16 65.16 65.16 65.16
512     15360   15.3629
Resultados S: -18.27 -18.27 -18.27 -18.27 -18.27 -18.27 -18.27 -18.27 -18.27 -18.27
512     40960   16.9579
Resultados S: 290.82 290.82 290.82 290.82 290.82 290.82 290.82 290.82 290.82 290.82
512     81920   17.5079
Resultados S: -234.91 -234.91 -234.91 -234.91 -234.91 -234.91 -234.91 -234.91 -234.91 -234.91
512     163840  17.3261
Resultados S: -238.72 -238.72 -238.72 -238.72 -238.72 -238.72 -238.72 -238.72 -238.72 -238.72
4096    384     7.2031
Resultados S: 3.58 3.58 3.58 3.58 3.58 3.58 3.58 3.58 3.58 3.58
4096    1152    18.0991
Resultados S: -21.76 -21.76 -21.76 -21.76 -21.76 -21.76 -21.76 -21.76 -21.76 -21.76
4096    10240   31.5388
Resultados S: 65.16 65.16 65.16 65.16 65.16 65.16 65.16 65.16 65.16 65.16
4096    15360   32.0688
Resultados S: -18.27 -18.27 -18.27 -18.27 -18.27 -18.27 -18.27 -18.27 -18.27 -18.27
4096    40960   32.9118
Resultados S: 290.82 290.82 290.82 290.82 290.82 290.82 290.82 290.82 290.82 290.82
4096    81920   32.8042
Resultados S: -234.91 -234.91 -234.91 -234.91 -234.91 -234.91 -234.91 -234.91 -234.91 -234.91
4096    163840  33.1052
Resultados S: 217.02 217.02 217.02 217.02 217.02 217.02 217.02 217.02 217.02 217.02
1       384     7.0604
Resultados S: 18.75 18.75 18.75 18.75 18.75 18.75 18.75 18.75 18.75 18.75
1       1152    7.3940
Resultados S: -163.83 -163.83 -163.83 -163.83 -163.83 -163.83 -163.83 -163.83 -163.83 -163.83
1       10240   7.1073
Resultados S: 238.67 238.67 238.67 238.67 238.67 238.67 238.67 238.67 238.67 238.67
1       15360   7.0941
Resultados S: -173.91 -173.91 -173.91 -173.91 -173.91 -173.91 -173.91 -173.91 -173.91 -173.91
1       40960   7.1272
Resultados S: 1487.33 1487.33 1487.33 1487.33 1487.33 1487.33 1487.33 1487.33 1487.33 1487.33
1       81920   7.1136
Resultados S: 689.86 689.86 689.86 689.86 689.86 689.86 689.86 689.86 689.86 689.86
1       163840  7.1150
Resultados S: 1487.34 1487.34 1487.34 1487.34 1487.34 1487.34 1487.34 1487.34 1487.34 1487.34
8       384     6.9635
Resultados S: 16.32 16.32 16.32 16.32 16.32 16.32 16.32 16.32 16.32 16.32
8       1152    7.0797
Resultados S: 50.60 50.60 50.60 50.60 50.60 50.60 50.60 50.60 50.60 50.60
8       10240   7.1668
Resultados S: -31.19 -31.19 -31.19 -31.19 -31.19 -31.19 -31.19 -31.19 -31.19 -31.19
8       15360   7.2148
Resultados S: 30.26 30.26 30.26 30.26 30.26 30.26 30.26 30.26 30.26 30.26
8       40960   7.2248
Resultados S: -117.15 -117.15 -117.15 -117.15 -117.15 -117.15 -117.15 -117.15 -117.15 -117.15
8       81920   7.2452
Resultados S: -456.12 -456.12 -456.12 -456.12 -456.12 -456.12 -456.12 -456.12 -456.12 -456.12
8       163840  7.2383
Resultados S: -281.06 -281.06 -281.06 -281.06 -281.06 -281.06 -281.06 -281.06 -281.06 -281.06
64      384     7.1005
Resultados S: 16.32 16.32 16.32 16.32 16.32 16.32 16.32 16.32 16.32 16.32
64      1152    7.1128
Resultados S: 50.60 50.60 50.60 50.60 50.60 50.60 50.60 50.60 50.60 50.60
64      10240   7.2687
Resultados S: -31.19 -31.19 -31.19 -31.19 -31.19 -31.19 -31.19 -31.19 -31.19 -31.19
64      15360   7.2728
Resultados S: 30.26 30.26 30.26 30.26 30.26 30.26 30.26 30.26 30.26 30.26
64      40960   8.0527
Resultados S: -117.15 -117.15 -117.15 -117.15 -117.15 -117.15 -117.15 -117.15 -117.15 -117.15
64      81920   13.4321
Resultados S: -456.12 -456.12 -456.12 -456.12 -456.12 -456.12 -456.12 -456.12 -456.12 -456.12
64      163840  15.6538
Resultados S: -281.06 -281.06 -281.06 -281.06 -281.06 -281.06 -281.06 -281.06 -281.06 -281.06
512     384     7.4865
Resultados S: 16.32 16.32 16.32 16.32 16.32 16.32 16.32 16.32 16.32 16.32
512     1152    7.2550
Resultados S: 50.60 50.60 50.60 50.60 50.60 50.60 50.60 50.60 50.60 50.60
512     10240   13.8455
Resultados S: -31.19 -31.19 -31.19 -31.19 -31.19 -31.19 -31.19 -31.19 -31.19 -31.19
512     15360   16.9778
Resultados S: 30.26 30.26 30.26 30.26 30.26 30.26 30.26 30.26 30.26 30.26
512     40960   16.8391
Resultados S: -117.15 -117.15 -117.15 -117.15 -117.15 -117.15 -117.15 -117.15 -117.15 -117.15
512     81920   17.4275
Resultados S: -456.12 -456.12 -456.12 -456.12 -456.12 -456.12 -456.12 -456.12 -456.12 -456.12
512     163840  17.2619
Resultados S: -281.06 -281.06 -281.06 -281.06 -281.06 -281.06 -281.06 -281.06 -281.06 -281.06
4096    384     7.2406
Resultados S: 16.32 16.32 16.32 16.32 16.32 16.32 16.32 16.32 16.32 16.32
4096    1152    18.8648
Resultados S: 50.60 50.60 50.60 50.60 50.60 50.60 50.60 50.60 50.60 50.60
4096    10240   31.7610
Resultados S: -31.19 -31.19 -31.19 -31.19 -31.19 -31.19 -31.19 -31.19 -31.19 -31.19
4096    15360   32.1875
Resultados S: 30.26 30.26 30.26 30.26 30.26 30.26 30.26 30.26 30.26 30.26
4096    40960   32.8604
Resultados S: -117.15 -117.15 -117.15 -117.15 -117.15 -117.15 -117.15 -117.15 -117.15 -117.15
4096    81920   32.7044
Resultados S: -456.12 -456.12 -456.12 -456.12 -456.12 -456.12 -456.12 -456.12 -456.12 -456.12
4096    163840  33.0784
Resultados S: -281.06 -281.06 -281.06 -281.06 -281.06 -281.06 -281.06 -281.06 -281.06 -281.06
1       384     7.0596
Resultados S: 56.58 56.58 56.58 56.58 56.58 56.58 56.58 56.58 56.58 56.58
1       1152    7.0705
Resultados S: 121.46 121.46 121.46 121.46 121.46 121.46 121.46 121.46 121.46 121.46
1       10240   7.0852
Resultados S: 122.59 122.59 122.59 122.59 122.59 122.59 122.59 122.59 122.59 122.59
1       15360   7.0901
Resultados S: 59.69 59.69 59.69 59.69 59.69 59.69 59.69 59.69 59.69 59.69
1       40960   7.1286
Resultados S: 189.03 189.03 189.03 189.03 189.03 189.03 189.03 189.03 189.03 189.03
1       81920   7.1128
Resultados S: 303.01 303.01 303.01 303.01 303.01 303.01 303.01 303.01 303.01 303.01
1       163840  7.1164
Resultados S: -27.07 -27.07 -27.07 -27.07 -27.07 -27.07 -27.07 -27.07 -27.07 -27.07
8       384     6.9755
Resultados S: 27.28 27.28 27.28 27.28 27.28 27.28 27.28 27.28 27.28 27.28
8       1152    7.1436
Resultados S: 69.80 69.80 69.80 69.80 69.80 69.80 69.80 69.80 69.80 69.80
8       10240   7.0967
Resultados S: 98.35 98.35 98.35 98.35 98.35 98.35 98.35 98.35 98.35 98.35
8       15360   7.1078
Resultados S: 283.35 283.35 283.35 283.35 283.35 283.35 283.35 283.35 283.35 283.35
8       40960   7.2493
Resultados S: 182.69 182.69 182.69 182.69 182.69 182.69 182.69 182.69 182.69 182.69
8       81920   7.2648
Resultados S: 122.59 122.59 122.59 122.59 122.59 122.59 122.59 122.59 122.59 122.59
8       163840  7.2448
Resultados S: -97.83 -97.83 -97.83 -97.83 -97.83 -97.83 -97.83 -97.83 -97.83 -97.83
64      384     7.0698
Resultados S: 27.28 27.28 27.28 27.28 27.28 27.28 27.28 27.28 27.28 27.28
64      1152    7.1130
Resultados S: 69.80 69.80 69.80 69.80 69.80 69.80 69.80 69.80 69.80 69.80
64      10240   7.1595
Resultados S: 98.35 98.35 98.35 98.35 98.35 98.35 98.35 98.35 98.35 98.35
64      15360   7.3590
Resultados S: 283.35 283.35 283.35 283.35 283.35 283.35 283.35 283.35 283.35 283.35
64      40960   8.1641
Resultados S: 182.69 182.69 182.69 182.69 182.69 182.69 182.69 182.69 182.69 182.69
64      81920   13.3985
Resultados S: 122.59 122.59 122.59 122.59 122.59 122.59 122.59 122.59 122.59 122.59
64      163840  15.5879
Resultados S: -97.83 -97.83 -97.83 -97.83 -97.83 -97.83 -97.83 -97.83 -97.83 -97.83
512     384     7.3641
Resultados S: 27.28 27.28 27.28 27.28 27.28 27.28 27.28 27.28 27.28 27.28
512     1152    7.2451
Resultados S: 69.80 69.80 69.80 69.80 69.80 69.80 69.80 69.80 69.80 69.80
512     10240   13.9264
Resultados S: 98.35 98.35 98.35 98.35 98.35 98.35 98.35 98.35 98.35 98.35
512     15360   15.4680
Resultados S: 283.35 283.35 283.35 283.35 283.35 283.35 283.35 283.35 283.35 283.35
512     40960   16.7089
Resultados S: 182.69 182.69 182.69 182.69 182.69 182.69 182.69 182.69 182.69 182.69
512     81920   17.4821
Resultados S: 122.59 122.59 122.59 122.59 122.59 122.59 122.59 122.59 122.59 122.59
512     163840  17.2968
Resultados S: -97.83 -97.83 -97.83 -97.83 -97.83 -97.83 -97.83 -97.83 -97.83 -97.83
4096    384     7.1964
Resultados S: 27.28 27.28 27.28 27.28 27.28 27.28 27.28 27.28 27.28 27.28
4096    1152    18.4977
Resultados S: 69.80 69.80 69.80 69.80 69.80 69.80 69.80 69.80 69.80 69.80
4096    10240   31.9455
Resultados S: 98.35 98.35 98.35 98.35 98.35 98.35 98.35 98.35 98.35 98.35
4096    15360   31.7816
Resultados S: 283.35 283.35 283.35 283.35 283.35 283.35 283.35 283.35 283.35 283.35
4096    40960   32.7330
Resultados S: 212.39 212.39 212.39 212.39 212.39 212.39 212.39 212.39 212.39 212.39
4096    81920   32.7244
Resultados S: 186.39 186.39 186.39 186.39 186.39 186.39 186.39 186.39 186.39 186.39
4096    163840  33.1154
Resultados S: -574.83 -574.83 -574.83 -574.83 -574.83 -574.83 -574.83 -574.83 -574.83 -574.83
1       384     7.0594
Resultados S: -34.79 -34.79 -34.79 -34.79 -34.79 -34.79 -34.79 -34.79 -34.79 -34.79
1       1152    7.1673
Resultados S: -37.33 -37.33 -37.33 -37.33 -37.33 -37.33 -37.33 -37.33 -37.33 -37.33
1       10240   7.0897
Resultados S: 167.14 167.14 167.14 167.14 167.14 167.14 167.14 167.14 167.14 167.14
1       15360   7.0855
Resultados S: 203.32 203.32 203.32 203.32 203.32 203.32 203.32 203.32 203.32 203.32
1       40960   7.1344
Resultados S: 93.45 93.45 93.45 93.45 93.45 93.45 93.45 93.45 93.45 93.45
1       81920   7.1212
Resultados S: 206.49 206.49 206.49 206.49 206.49 206.49 206.49 206.49 206.49 206.49
1       163840  7.1204
Resultados S: 2427.13 2427.13 2427.13 2427.13 2427.13 2427.13 2427.13 2427.13 2427.13 2427.13
8       384     6.9646
Resultados S: 19.94 19.94 19.94 19.94 19.94 19.94 19.94 19.94 19.94 19.94
8       1152    7.0708
Resultados S: -3.28 -3.28 -3.28 -3.28 -3.28 -3.28 -3.28 -3.28 -3.28 -3.28
8       10240   7.2139
Resultados S: -65.01 -65.01 -65.01 -65.01 -65.01 -65.01 -65.01 -65.01 -65.01 -65.01
8       15360   7.2062
Resultados S: -74.93 -74.93 -74.93 -74.93 -74.93 -74.93 -74.93 -74.93 -74.93 -74.93
8       40960   7.2170
Resultados S: -382.38 -382.38 -382.38 -382.38 -382.38 -382.38 -382.38 -382.38 -382.38 -382.38
8       81920   7.2457
Resultados S: 167.14 167.14 167.14 167.14 167.14 167.14 167.14 167.14 167.14 167.14
8       163840  7.2545
Resultados S: -426.22 -426.22 -426.22 -426.22 -426.22 -426.22 -426.22 -426.22 -426.22 -426.22
64      384     7.0427
Resultados S: 19.94 19.94 19.94 19.94 19.94 19.94 19.94 19.94 19.94 19.94
64      1152    7.1059
Resultados S: -3.28 -3.28 -3.28 -3.28 -3.28 -3.28 -3.28 -3.28 -3.28 -3.28
64      10240   7.1623
Resultados S: -65.01 -65.01 -65.01 -65.01 -65.01 -65.01 -65.01 -65.01 -65.01 -65.01
64      15360   7.2237
Resultados S: -74.93 -74.93 -74.93 -74.93 -74.93 -74.93 -74.93 -74.93 -74.93 -74.93
64      40960   7.9413
Resultados S: -382.38 -382.38 -382.38 -382.38 -382.38 -382.38 -382.38 -382.38 -382.38 -382.38
64      81920   13.5132
Resultados S: 167.14 167.14 167.14 167.14 167.14 167.14 167.14 167.14 167.14 167.14
64      163840  15.5175
Resultados S: -426.22 -426.22 -426.22 -426.22 -426.22 -426.22 -426.22 -426.22 -426.22 -426.22
512     384     7.7208
Resultados S: 19.94 19.94 19.94 19.94 19.94 19.94 19.94 19.94 19.94 19.94
512     1152    7.2905
Resultados S: -3.28 -3.28 -3.28 -3.28 -3.28 -3.28 -3.28 -3.28 -3.28 -3.28
512     10240   14.2288
Resultados S: -65.01 -65.01 -65.01 -65.01 -65.01 -65.01 -65.01 -65.01 -65.01 -65.01
512     15360   15.1063
Resultados S: -74.93 -74.93 -74.93 -74.93 -74.93 -74.93 -74.93 -74.93 -74.93 -74.93
512     40960   17.1857
Resultados S: -382.38 -382.38 -382.38 -382.38 -382.38 -382.38 -382.38 -382.38 -382.38 -382.38
512     81920   17.0293
Resultados S: 167.14 167.14 167.14 167.14 167.14 167.14 167.14 167.14 167.14 167.14
512     163840  17.7627
Resultados S: -426.22 -426.22 -426.22 -426.22 -426.22 -426.22 -426.22 -426.22 -426.22 -426.22
4096    384     7.1932
Resultados S: 19.94 19.94 19.94 19.94 19.94 19.94 19.94 19.94 19.94 19.94
4096    1152    17.9960
Resultados S: -3.28 -3.28 -3.28 -3.28 -3.28 -3.28 -3.28 -3.28 -3.28 -3.28
4096    10240   31.4704
Resultados S: -65.01 -65.01 -65.01 -65.01 -65.01 -65.01 -65.01 -65.01 -65.01 -65.01
4096    15360   32.0640
Resultados S: -74.93 -74.93 -74.93 -74.93 -74.93 -74.93 -74.93 -74.93 -74.93 -74.93
4096    40960   32.7287
Resultados S: -382.38 -382.38 -382.38 -382.38 -382.38 -382.38 -382.38 -382.38 -382.38 -382.38
4096    81920   32.8805
Resultados S: 167.14 167.14 167.14 167.14 167.14 167.14 167.14 167.14 167.14 167.14
4096    163840  33.1592
Resultados S: 1149.73 1149.73 1149.73 1149.73 1149.73 1149.73 1149.73 1149.73 1149.73 1149.73 