1       384     7.0820
Resultados S: -177.91 -177.91 -177.91 -177.91 -177.91 -177.91 -177.91 -177.91 -177.91 -177.91
1       1152    7.0852
Resultados S: -117.91 -117.91 -117.91 -117.91 -117.91 -117.91 -117.91 -117.91 -117.91 -117.91
1       10240   7.1047
Resultados S: -193.81 -193.81 -193.81 -193.81 -193.81 -193.81 -193.81 -193.81 -193.81 -193.81
1       15360   7.1173
Resultados S: 125.67 125.67 125.67 125.67 125.67 125.67 125.67 125.67 125.67 125.67
1       40960   7.1281
Resultados S: -44.05 -44.05 -44.05 -44.05 -44.05 -44.05 -44.05 -44.05 -44.05 -44.05
1       81920   7.1168
Resultados S: -157.51 -157.51 -157.51 -157.51 -157.51 -157.51 -157.51 -157.51 -157.51 -157.51
1       163840  7.1181
Resultados S: -1649.93 -1649.93 -1649.93 -1649.93 -1649.93 -1649.93 -1649.93 -1649.93 -1649.93 -1649.93
8       384     7.1370
Resultados S: -14.59 -14.59 -14.59 -14.59 -14.59 -14.59 -14.59 -14.59 -14.59 -14.59
8       1152    7.1670
Resultados S: -54.87 -54.87 -54.87 -54.87 -54.87 -54.87 -54.87 -54.87 -54.87 -54.87
8       10240   7.1392
Resultados S: -76.10 -76.10 -76.10 -76.10 -76.10 -76.10 -76.10 -76.10 -76.10 -76.10
8       15360   7.2419
Resultados S: -20.20 -20.20 -20.20 -20.20 -20.20 -20.20 -20.20 -20.20 -20.20 -20.20
8       40960   7.2203
Resultados S: 92.15 92.15 92.15 92.15 92.15 92.15 92.15 92.15 92.15 92.15
8       81920   7.2074
Resultados S: -193.81 -193.81 -193.81 -193.81 -193.81 -193.81 -193.81 -193.81 -193.81 -193.81
8       163840  7.2521
Resultados S: 56.45 56.45 56.45 56.45 56.45 56.45 56.45 56.45 56.45 56.45
64      384     7.2427
Resultados S: -14.59 -14.59 -14.59 -14.59 -14.59 -14.59 -14.59 -14.59 -14.59 -14.59
64      1152    7.2019
Resultados S: -54.87 -54.87 -54.87 -54.87 -54.87 -54.87 -54.87 -54.87 -54.87 -54.87
64      10240   7.4900
Resultados S: -111.94 -111.94 -111.94 -111.94 -111.94 -111.94 -111.94 -111.94 -111.94 -111.94
64      15360   7.4503
Resultados S: -90.53 -90.53 -90.53 -90.53 -90.53 -90.53 -90.53 -90.53 -90.53 -90.53
64      40960   8.6272
Resultados S: 441.13 441.13 441.13 441.13 441.13 441.13 441.13 441.13 441.13 441.13
64      81920   14.7393
Resultados S: 203.99 203.99 203.99 203.99 203.99 203.99 203.99 203.99 203.99 203.99
64      163840  16.5443
Resultados S: 674.97 674.97 674.97 674.97 674.97 674.97 674.97 674.97 674.97 674.97
512     384     8.0297
Resultados S: -29.15 -29.15 -29.15 -29.15 -29.15 -29.15 -29.15 -29.15 -29.15 -29.15
512     1152    7.8592
Resultados S: -3.03 -3.03 -3.03 -3.03 -3.03 -3.03 -3.03 -3.03 -3.03 -3.03
512     10240   16.8211
Resultados S: -111.94 -111.94 -111.94 -111.94 -111.94 -111.94 -111.94 -111.94 -111.94 -111.94
512     15360   17.9086
Resultados S: -90.53 -90.53 -90.53 -90.53 -90.53 -90.53 -90.53 -90.53 -90.53 -90.53
512     40960   17.5732
Resultados S: 441.13 441.13 441.13 441.13 441.13 441.13 441.13 441.13 441.13 441.13
512     81920   17.6619
Resultados S: 203.99 203.99 203.99 203.99 203.99 203.99 203.99 203.99 203.99 203.99
512     163840  17.6179
Resultados S: 674.97 674.97 674.97 674.97 674.97 674.97 674.97 674.97 674.97 674.97
4096    384     7.7005
Resultados S: -29.15 -29.15 -29.15 -29.15 -29.15 -29.15 -29.15 -29.15 -29.15 -29.15
4096    1152    19.3738
Resultados S: -3.03 -3.03 -3.03 -3.03 -3.03 -3.03 -3.03 -3.03 -3.03 -3.03
4096    10240   31.9105
Resultados S: -111.94 -111.94 -111.94 -111.94 -111.94 -111.94 -111.94 -111.94 -111.94 -111.94
4096    15360   32.4230
Resultados S: -90.53 -90.53 -90.53 -90.53 -90.53 -90.53 -90.53 -90.53 -90.53 -90.53
4096    40960   32.6251
Resultados S: 441.13 441.13 441.13 441.13 441.13 441.13 441.13 441.13 441.13 441.13
4096    81920   32.8326
Resultados S: 203.99 203.99 203.99 203.99 203.99 203.99 203.99 203.99 203.99 203.99
4096    163840  32.7284
Resultados S: 674.97 674.97 674.97 674.97 674.97 674.97 674.97 674.97 674.97 674.97
1       384     7.0815
Resultados S: -75.41 -75.41 -75.41 -75.41 -75.41 -75.41 -75.41 -75.41 -75.41 -75.41
1       1152    7.1781
Resultados S: -119.17 -119.17 -119.17 -119.17 -119.17 -119.17 -119.17 -119.17 -119.17 -119.17
1       10240   7.1047
Resultados S: 64.35 64.35 64.35 64.35 64.35 64.35 64.35 64.35 64.35 64.35
1       15360   7.1039
Resultados S: 502.36 502.36 502.36 502.36 502.36 502.36 502.36 502.36 502.36 502.36
1       40960   7.1210
Resultados S: 1488.28 1488.28 1488.28 1488.28 1488.28 1488.28 1488.28 1488.28 1488.28 1488.28
1       81920   7.1160
Resultados S: 2192.67 2192.67 2192.67 2192.67 2192.67 2192.67 2192.67 2192.67 2192.67 2192.67
1       163840  7.1190
Resultados S: 3409.86 3409.86 3409.86 3409.86 3409.86 3409.86 3409.86 3409.86 3409.86 3409.86
8       384     7.1240
Resultados S: 16.92 16.92 16.92 16.92 16.92 16.92 16.92 16.92 16.92 16.92
8       1152    7.1788
Resultados S: -2.39 -2.39 -2.39 -2.39 -2.39 -2.39 -2.39 -2.39 -2.39 -2.39
8       10240   7.1417
Resultados S: -188.44 -188.44 -188.44 -188.44 -188.44 -188.44 -188.44 -188.44 -188.44 -188.44
8       15360   7.1784
Resultados S: -138.33 -138.33 -138.33 -138.33 -138.33 -138.33 -138.33 -138.33 -138.33 -138.33
8       40960   7.2644
Resultados S: -217.57 -217.57 -217.57 -217.57 -217.57 -217.57 -217.57 -217.57 -217.57 -217.57
8       81920   7.2210
Resultados S: 64.35 64.35 64.35 64.35 64.35 64.35 64.35 64.35 64.35 64.35
8       163840  7.2354
Resultados S: 492.00 492.00 492.00 492.00 492.00 492.00 492.00 492.00 492.00 492.00
64      384     7.2385
Resultados S: 16.92 16.92 16.92 16.92 16.92 16.92 16.92 16.92 16.92 16.92
64      1152    7.1965
Resultados S: -2.39 -2.39 -2.39 -2.39 -2.39 -2.39 -2.39 -2.39 -2.39 -2.39
64      10240   7.3354
Resultados S: -188.44 -188.44 -188.44 -188.44 -188.44 -188.44 -188.44 -188.44 -188.44 -188.44
64      15360   7.4869
Resultados S: -138.33 -138.33 -138.33 -138.33 -138.33 -138.33 -138.33 -138.33 -138.33 -138.33
64      40960   8.8189
Resultados S: -217.57 -217.57 -217.57 -217.57 -217.57 -217.57 -217.57 -217.57 -217.57 -217.57
64      81920   14.5160
Resultados S: 64.35 64.35 64.35 64.35 64.35 64.35 64.35 64.35 64.35 64.35
64      163840  16.5030
Resultados S: 492.00 492.00 492.00 492.00 492.00 492.00 492.00 492.00 492.00 492.00
512     384     8.0219
Resultados S: 16.92 16.92 16.92 16.92 16.92 16.92 16.92 16.92 16.92 16.92
512     1152    8.2259
Resultados S: -2.39 -2.39 -2.39 -2.39 -2.39 -2.39 -2.39 -2.39 -2.39 -2.39
512     10240   15.2549
Resultados S: -188.44 -188.44 -188.44 -188.44 -188.44 -188.44 -188.44 -188.44 -188.44 -188.44
512     15360   17.9496
Resultados S: -138.33 -138.33 -138.33 -138.33 -138.33 -138.33 -138.33 -138.33 -138.33 -138.33
512     40960   17.6987
Resultados S: -217.57 -217.57 -217.57 -217.57 -217.57 -217.57 -217.57 -217.57 -217.57 -217.57
512     81920   17.6142
Resultados S: 64.35 64.35 64.35 64.35 64.35 64.35 64.35 64.35 64.35 64.35
512     163840  17.8467
Resultados S: 492.00 492.00 492.00 492.00 492.00 492.00 492.00 492.00 492.00 492.00
4096    384     7.5453
Resultados S: 16.92 16.92 16.92 16.92 16.92 16.92 16.92 16.92 16.92 16.92
4096    1152    19.3073
Resultados S: -2.39 -2.39 -2.39 -2.39 -2.39 -2.39 -2.39 -2.39 -2.39 -2.39
4096    10240   31.8435
Resultados S: -188.44 -188.44 -188.44 -188.44 -188.44 -188.44 -188.44 -188.44 -188.44 -188.44
4096    15360   32.3413
Resultados S: -138.33 -138.33 -138.33 -138.33 -138.33 -138.33 -138.33 -138.33 -138.33 -138.33
4096    40960   32.4075
Resultados S: -217.57 -217.57 -217.57 -217.57 -217.57 -217.57 -217.57 -217.57 -217.57 -217.57
4096    81920   32.8214
Resultados S: 429.79 429.79 429.79 429.79 429.79 429.79 429.79 429.79 429.79 429.79
4096    163840  32.8147
Resultados S: 1016.77 1016.77 1016.77 1016.77 1016.77 1016.77 1016.77 1016.77 1016.77 1016.77
1       384     7.0792
Resultados S: 186.62 186.62 186.62 186.62 186.62 186.62 186.62 186.62 186.62 186.62
1       1152    7.0855
Resultados S: 223.06 223.06 223.06 223.06 223.06 223.06 223.06 223.06 223.06 223.06
1       10240   7.1008
Resultados S: 358.37 358.37 358.37 358.37 358.37 358.37 358.37 358.37 358.37 358.37
1       15360   7.1130
Resultados S: 418.69 418.69 418.69 418.69 418.69 418.69 418.69 418.69 418.69 418.69
1       40960   7.1128
Resultados S: 616.45 616.45 616.45 616.45 616.45 616.45 616.45 616.45 616.45 616.45
1       81920   7.1160
Resultados S: -37.02 -37.02 -37.02 -37.02 -37.02 -37.02 -37.02 -37.02 -37.02 -37.02
1       163840  7.1162
Resultados S: 90.84 90.84 90.84 90.84 90.84 90.84 90.84 90.84 90.84 90.84
8       384     7.1432
Resultados S: 6.79 6.79 6.79 6.79 6.79 6.79 6.79 6.79 6.79 6.79
8       1152    7.1705
Resultados S: 51.23 51.23 51.23 51.23 51.23 51.23 51.23 51.23 51.23 51.23
8       10240   7.1437
Resultados S: 167.39 167.39 167.39 167.39 167.39 167.39 167.39 167.39 167.39 167.39
8       15360   7.2327
Resultados S: -11.72 -11.72 -11.72 -11.72 -11.72 -11.72 -11.72 -11.72 -11.72 -11.72
8       40960   7.2333
Resultados S: 299.78 299.78 299.78 299.78 299.78 299.78 299.78 299.78 299.78 299.78
8       81920   7.2159
Resultados S: 358.37 358.37 358.37 358.37 358.37 358.37 358.37 358.37 358.37 358.37
8       163840  7.2131
Resultados S: 612.95 612.95 612.95 612.95 612.95 612.95 612.95 612.95 612.95 612.95
64      384     7.2208
Resultados S: 6.79 6.79 6.79 6.79 6.79 6.79 6.79 6.79 6.79 6.79
64      1152    7.2000
Resultados S: 51.23 51.23 51.23 51.23 51.23 51.23 51.23 51.23 51.23 51.23
64      10240   7.5054
Resultados S: 167.39 167.39 167.39 167.39 167.39 167.39 167.39 167.39 167.39 167.39
64      15360   7.4723
Resultados S: -11.72 -11.72 -11.72 -11.72 -11.72 -11.72 -11.72 -11.72 -11.72 -11.72
64      40960   8.5882
Resultados S: 299.78 299.78 299.78 299.78 299.78 299.78 299.78 299.78 299.78 299.78
64      81920   14.7745
Resultados S: 358.37 358.37 358.37 358.37 358.37 358.37 358.37 358.37 358.37 358.37
64      163840  16.4588
Resultados S: 612.95 612.95 612.95 612.95 612.95 612.95 612.95 612.95 612.95 612.95
512     384     8.5630
Resultados S: 6.79 6.79 6.79 6.79 6.79 6.79 6.79 6.79 6.79 6.79
512     1152    7.8160
Resultados S: 51.23 51.23 51.23 51.23 51.23 51.23 51.23 51.23 51.23 51.23
512     10240   16.8769
Resultados S: 167.39 167.39 167.39 167.39 167.39 167.39 167.39 167.39 167.39 167.39
512     15360   17.6923
Resultados S: -11.72 -11.72 -11.72 -11.72 -11.72 -11.72 -11.72 -11.72 -11.72 -11.72
512     40960   18.1086
Resultados S: 299.78 299.78 299.78 299.78 299.78 299.78 299.78 299.78 299.78 299.78
512     81920   17.8002
Resultados S: 358.37 358.37 358.37 358.37 358.37 358.37 358.37 358.37 358.37 358.37
512     163840  17.9538
Resultados S: 612.95 612.95 612.95 612.95 612.95 612.95 612.95 612.95 612.95 612.95
4096    384     10.3370
Resultados S: 6.79 6.79 6.79 6.79 6.79 6.79 6.79 6.79 6.79 6.79
4096    1152    18.8611
Resultados S: 51.23 51.23 51.23 51.23 51.23 51.23 51.23 51.23 51.23 51.23
4096    10240   31.7720
Resultados S: 167.39 167.39 167.39 167.39 167.39 167.39 167.39 167.39 167.39 167.39
4096    15360   31.9165
Resultados S: -11.72 -11.72 -11.72 -11.72 -11.72 -11.72 -11.72 -11.72 -11.72 -11.72
4096    40960   32.4416
Resultados S: 299.78 299.78 299.78 299.78 299.78 299.78 299.78 299.78 299.78 299.78
4096    81920   32.8635
Resultados S: 358.37 358.37 358.37 358.37 358.37 358.37 358.37 358.37 358.37 358.37
4096    163840  32.8618
Resultados S: -939.60 -939.60 -939.60 -939.60 -939.60 -939.60 -939.60 -939.60 -939.60 -939.60
1       384     7.0807
Resultados S: -53.67 -53.67 -53.67 -53.67 -53.67 -53.67 -53.67 -53.67 -53.67 -53.67
1       1152    7.0851
Resultados S: 36.82 36.82 36.82 36.82 36.82 36.82 36.82 36.82 36.82 36.82
1       10240   7.1044
Resultados S: -4.65 -4.65 -4.65 -4.65 -4.65 -4.65 -4.65 -4.65 -4.65 -4.65
1       15360   7.1241
Resultados S: -599.95 -599.95 -599.95 -599.95 -599.95 -599.95 -599.95 -599.95 -599.95 -599.95
1       40960   7.1427
Resultados S: -494.56 -494.56 -494.56 -494.56 -494.56 -494.56 -494.56 -494.56 -494.56 -494.56
1       81920   7.1550
Resultados S: -435.58 -435.58 -435.58 -435.58 -435.58 -435.58 -435.58 -435.58 -435.58 -435.58
1       163840  7.1175
Resultados S: 304.00 304.00 304.00 304.00 304.00 304.00 304.00 304.00 304.00 304.00
8       384     7.1365
Resultados S: -29.79 -29.79 -29.79 -29.79 -29.79 -29.79 -29.79 -29.79 -29.79 -29.79
8       1152    7.1696
Resultados S: 7.06 7.06 7.06 7.06 7.06 7.06 7.06 7.06 7.06 7.06
8       10240   7.1563
Resultados S: 22.34 22.34 22.34 22.34 22.34 22.34 22.34 22.34 22.34 22.34
8       15360   7.2546
Resultados S: -41.49 -41.49 -41.49 -41.49 -41.49 -41.49 -41.49 -41.49 -41.49 -41.49
8       40960   7.2147
Resultados S: 67.03 67.03 67.03 67.03 67.03 67.03 67.03 67.03 67.03 67.03
8       81920   7.2226
Resultados S: -4.65 -4.65 -4.65 -4.65 -4.65 -4.65 -4.65 -4.65 -4.65 -4.65
8       163840  7.2459
Resultados S: -939.60 -939.60 -939.60 -939.60 -939.60 -939.60 -939.60 -939.60 -939.60 -939.60
64      384     13.6760
Resultados S: -29.79 -29.79 -29.79 -29.79 -29.79 -29.79 -29.79 -29.79 -29.79 -29.79
64      1152    7.2021
Resultados S: 7.06 7.06 7.06 7.06 7.06 7.06 7.06 7.06 7.06 7.06
64      10240   7.7729
Resultados S: 22.34 22.34 22.34 22.34 22.34 22.34 22.34 22.34 22.34 22.34
64      15360   7.4558
Resultados S: -41.49 -41.49 -41.49 -41.49 -41.49 -41.49 -41.49 -41.49 -41.49 -41.49
64      40960   8.4378
Resultados S: 67.03 67.03 67.03 67.03 67.03 67.03 67.03 67.03 67.03 67.03
64      81920   14.6498
Resultados S: -4.65 -4.65 -4.65 -4.65 -4.65 -4.65 -4.65 -4.65 -4.65 -4.65
64      163840  16.4033
Resultados S: -939.60 -939.60 -939.60 -939.60 -939.60 -939.60 -939.60 -939.60 -939.60 -939.60
512     384     8.3604
Resultados S: -29.79 -29.79 -29.79 -29.79 -29.79 -29.79 -29.79 -29.79 -29.79 -29.79
512     1152    7.9830
Resultados S: 7.06 7.06 7.06 7.06 7.06 7.06 7.06 7.06 7.06 7.06
512     10240   16.6478
Resultados S: 22.34 22.34 22.34 22.34 22.34 22.34 22.34 22.34 22.34 22.34
512     15360   17.7886
Resultados S: -41.49 -41.49 -41.49 -41.49 -41.49 -41.49 -41.49 -41.49 -41.49 -41.49
512     40960   18.1882
Resultados S: 67.03 67.03 67.03 67.03 67.03 67.03 67.03 67.03 67.03 67.03
512     81920   17.8295
Resultados S: -4.65 -4.65 -4.65 -4.65 -4.65 -4.65 -4.65 -4.65 -4.65 -4.65
512     163840  17.9142
Resultados S: -912.59 -912.59 -912.59 -912.59 -912.59 -912.59 -912.59 -912.59 -912.59 -912.59
4096    384     7.6474
Resultados S: 29.24 29.24 29.24 29.24 29.24 29.24 29.24 29.24 29.24 29.24
4096    1152    19.3418
Resultados S: 76.58 76.58 76.58 76.58 76.58 76.58 76.58 76.58 76.58 76.58
4096    10240   31.7797
Resultados S: 41.85 41.85 41.85 41.85 41.85 41.85 41.85 41.85 41.85 41.85
4096    15360   32.2505
Resultados S: 30.81 30.81 30.81 30.81 30.81 30.81 30.81 30.81 30.81 30.81
4096    40960   32.3893
Resultados S: -87.58 -87.58 -87.58 -87.58 -87.58 -87.58 -87.58 -87.58 -87.58 -87.58
4096    81920   32.8777
Resultados S: -817.53 -817.53 -817.53 -817.53 -817.53 -817.53 -817.53 -817.53 -817.53 -817.53
4096    163840  32.7044
Resultados S: -912.59 -912.59 -912.59 -912.59 -912.59 -912.59 -912.59 -912.59 -912.59 -912.59
1       384     7.4962
Resultados S: 25.13 25.13 25.13 25.13 25.13 25.13 25.13 25.13 25.13 25.13
1       1152    7.0853
Resultados S: 166.45 166.45 166.45 166.45 166.45 166.45 166.45 166.45 166.45 166.45
1       10240   7.1210
Resultados S: -657.13 -657.13 -657.13 -657.13 -657.13 -657.13 -657.13 -657.13 -657.13 -657.13
1       15360   7.1168
Resultados S: -932.62 -932.62 -932.62 -932.62 -932.62 -932.62 -932.62 -932.62 -932.62 -932.62
1       40960   7.1291
Resultados S: -892.38 -892.38 -892.38 -892.38 -892.38 -892.38 -892.38 -892.38 -892.38 -892.38
1       81920   7.1271
Resultados S: -931.26 -931.26 -931.26 -931.26 -931.26 -931.26 -931.26 -931.26 -931.26 -931.26
1       163840  7.1200
Resultados S: -3942.41 -3942.41 -3942.41 -3942.41 -3942.41 -3942.41 -3942.41 -3942.41 -3942.41 -3942.41
8       384     7.1380
Resultados S: -12.16 -12.16 -12.16 -12.16 -12.16 -12.16 -12.16 -12.16 -12.16 -12.16
8       1152    7.1655
Resultados S: 19.68 19.68 19.68 19.68 19.68 19.68 19.68 19.68 19.68 19.68
8       10240   7.1715
Resultados S: 123.11 123.11 123.11 123.11 123.11 123.11 123.11 123.11 123.11 123.11
8       15360   7.2468
Resultados S: 63.44 63.44 63.44 63.44 63.44 63.44 63.44 63.44 63.44 63.44
8       40960   7.2497
Resultados S: -151.97 -151.97 -151.97 -151.97 -151.97 -151.97 -151.97 -151.97 -151.97 -151.97
8       81920   7.2502
Resultados S: -657.13 -657.13 -657.13 -657.13 -657.13 -657.13 -657.13 -657.13 -657.13 -657.13
8       163840  7.2123
Resultados S: -800.38 -800.38 -800.38 -800.38 -800.38 -800.38 -800.38 -800.38 -800.38 -800.38
64      384     7.2224
Resultados S: -12.16 -12.16 -12.16 -12.16 -12.16 -12.16 -12.16 -12.16 -12.16 -12.16
64      1152    7.2269
Resultados S: 19.68 19.68 19.68 19.68 19.68 19.68 19.68 19.68 19.68 19.68
64      10240   7.4849
Resultados S: 123.11 123.11 123.11 123.11 123.11 123.11 123.11 123.11 123.11 123.11
64      15360   7.4414
Resultados S: 63.44 63.44 63.44 63.44 63.44 63.44 63.44 63.44 63.44 63.44
64      40960   8.9634
Resultados S: -151.97 -151.97 -151.97 -151.97 -151.97 -151.97 -151.97 -151.97 -151.97 -151.97
64      81920   14.6293
Resultados S: -657.13 -657.13 -657.13 -657.13 -657.13 -657.13 -657.13 -657.13 -657.13 -657.13
64      163840  16.5156
Resultados S: -800.38 -800.38 -800.38 -800.38 -800.38 -800.38 -800.38 -800.38 -800.38 -800.38
512     384     15.2464
Resultados S: -12.16 -12.16 -12.16 -12.16 -12.16 -12.16 -12.16 -12.16 -12.16 -12.16
512     1152    8.0479
Resultados S: 19.68 19.68 19.68 19.68 19.68 19.68 19.68 19.68 19.68 19.68
512     10240   16.7164
Resultados S: 123.11 123.11 123.11 123.11 123.11 123.11 123.11 123.11 123.11 123.11
512     15360   17.8289
Resultados S: 63.44 63.44 63.44 63.44 63.44 63.44 63.44 63.44 63.44 63.44
512     40960   17.4631
Resultados S: -151.97 -151.97 -151.97 -151.97 -151.97 -151.97 -151.97 -151.97 -151.97 -151.97
512     81920   17.6272
Resultados S: -657.13 -657.13 -657.13 -657.13 -657.13 -657.13 -657.13 -657.13 -657.13 -657.13
512     163840  17.6381
Resultados S: -800.38 -800.38 -800.38 -800.38 -800.38 -800.38 -800.38 -800.38 -800.38 -800.38
4096    384     7.5370
Resultados S: -12.16 -12.16 -12.16 -12.16 -12.16 -12.16 -12.16 -12.16 -12.16 -12.16
4096    1152    19.2844
Resultados S: 19.68 19.68 19.68 19.68 19.68 19.68 19.68 19.68 19.68 19.68
4096    10240   31.5746
Resultados S: 123.11 123.11 123.11 123.11 123.11 123.11 123.11 123.11 123.11 123.11
4096    15360   32.1778
Resultados S: 63.44 63.44 63.44 63.44 63.44 63.44 63.44 63.44 63.44 63.44
4096    40960   32.4577
Resultados S: -151.97 -151.97 -151.97 -151.97 -151.97 -151.97 -151.97 -151.97 -151.97 -151.97
4096    81920   32.8408
Resultados S: -63.93 -63.93 -63.93 -63.93 -63.93 -63.93 -63.93 -63.93 -63.93 -63.93
4096    163840  32.7605
Resultados S: -669.87 -669.87 -669.87 -669.87 -669.87 -669.87 -669.87 -669.87 -669.87 -669.87
1       384     7.0811
Resultados S: 9.19 9.19 9.19 9.19 9.19 9.19 9.19 9.19 9.19 9.19
1       1152    7.0851
Resultados S: -31.02 -31.02 -31.02 -31.02 -31.02 -31.02 -31.02 -31.02 -31.02 -31.02
1       10240   7.1050
Resultados S: -63.93 -63.93 -63.93 -63.93 -63.93 -63.93 -63.93 -63.93 -63.93 -63.93
1       15360   7.1062
Resultados S: 36.14 36.14 36.14 36.14 36.14 36.14 36.14 36.14 36.14 36.14
1       40960   7.1207
Resultados S: -811.60 -811.60 -811.60 -811.60 -811.60 -811.60 -811.60 -811.60 -811.60 -811.60
1       81920   7.1327
Resultados S: -1114.99 -1114.99 -1114.99 -1114.99 -1114.99 -1114.99 -1114.99 -1114.99 -1114.99 -1114.99
1       163840  7.1195
Resultados S: -2607.02 -2607.02 -2607.02 -2607.02 -2607.02 -2607.02 -2607.02 -2607.02 -2607.02 -2607.02
8       384     7.1370
Resultados S: -16.15 -16.15 -16.15 -16.15 -16.15 -16.15 -16.15 -16.15 -16.15 -16.15
8       1152    7.1705
Resultados S: -71.43 -71.43 -71.43 -71.43 -71.43 -71.43 -71.43 -71.43 -71.43 -71.43
8       10240   7.1425
Resultados S: -353.64 -353.64 -353.64 -353.64 -353.64 -353.64 -353.64 -353.64 -353.64 -353.64
8       15360   7.2157
Resultados S: -325.00 -325.00 -325.00 -325.00 -325.00 -325.00 -325.00 -325.00 -325.00 -325.00
8       40960   7.2114
Resultados S: -407.10 -407.10 -407.10 -407.10 -407.10 -407.10 -407.10 -407.10 -407.10 -407.10
8       81920   7.2300
Resultados S: -244.73 -244.73 -244.73 -244.73 -244.73 -244.73 -244.73 -244.73 -244.73 -244.73
8       163840  7.2565
Resultados S: 447.75 447.75 447.75 447.75 447.75 447.75 447.75 447.75 447.75 447.75
64      384     7.2385
Resultados S: -16.15 -16.15 -16.15 -16.15 -16.15 -16.15 -16.15 -16.15 -16.15 -16.15
64      1152    7.2080
Resultados S: -71.43 -71.43 -71.43 -71.43 -71.43 -71.43 -71.43 -71.43 -71.43 -71.43
64      10240   7.5722
Resultados S: -353.64 -353.64 -353.64 -353.64 -353.64 -353.64 -353.64 -353.64 -353.64 -353.64
64      15360   7.4914
Resultados S: -325.00 -325.00 -325.00 -325.00 -325.00 -325.00 -325.00 -325.00 -325.00 -325.00
64      40960   8.9330
Resultados S: -407.10 -407.10 -407.10 -407.10 -407.10 -407.10 -407.10 -407.10 -407.10 -407.10
64      81920   14.6282
Resultados S: -244.73 -244.73 -244.73 -244.73 -244.73 -244.73 -244.73 -244.73 -244.73 -244.73
64      163840  16.4112
Resultados S: 447.75 447.75 447.75 447.75 447.75 447.75 447.75 447.75 447.75 447.75
512     384     9.3870
Resultados S: -16.15 -16.15 -16.15 -16.15 -16.15 -16.15 -16.15 -16.15 -16.15 -16.15
512     1152    9.4906
Resultados S: -71.43 -71.43 -71.43 -71.43 -71.43 -71.43 -71.43 -71.43 -71.43 -71.43
512     10240   16.8129
Resultados S: -353.64 -353.64 -353.64 -353.64 -353.64 -353.64 -353.64 -353.64 -353.64 -353.64
512     15360   18.0498
Resultados S: -325.00 -325.00 -325.00 -325.00 -325.00 -325.00 -325.00 -325.00 -325.00 -325.00
512     40960   17.7066
Resultados S: -407.10 -407.10 -407.10 -407.10 -407.10 -407.10 -407.10 -407.10 -407.10 -407.10
512     81920   17.9811
Resultados S: -244.73 -244.73 -244.73 -244.73 -244.73 -244.73 -244.73 -244.73 -244.73 -244.73
512     163840  17.7820
Resultados S: 447.75 447.75 447.75 447.75 447.75 447.75 447.75 447.75 447.75 447.75
4096    384     7.5911
Resultados S: -16.15 -16.15 -16.15 -16.15 -16.15 -16.15 -16.15 -16.15 -16.15 -16.15
4096    1152    23.9812
Resultados S: -71.43 -71.43 -71.43 -71.43 -71.43 -71.43 -71.43 -71.43 -71.43 -71.43
4096    10240   32.1256
Resultados S: -353.64 -353.64 -353.64 -353.64 -353.64 -353.64 -353.64 -353.64 -353.64 -353.64
4096    15360   32.1497
Resultados S: -325.00 -325.00 -325.00 -325.00 -325.00 -325.00 -325.00 -325.00 -325.00 -325.00
4096    40960   32.5002
Resultados S: -407.10 -407.10 -407.10 -407.10 -407.10 -407.10 -407.10 -407.10 -407.10 -407.10
4096    81920   32.7221
Resultados S: -244.73 -244.73 -244.73 -244.73 -244.73 -244.73 -244.73 -244.73 -244.73 -244.73
4096    163840  32.6635
Resultados S: 447.75 447.75 447.75 447.75 447.75 447.75 447.75 447.75 447.75 447.75
1       384     7.0820
Resultados S: -87.46 -87.46 -87.46 -87.46 -87.46 -87.46 -87.46 -87.46 -87.46 -87.46
1       1152    7.0886
Resultados S: -182.82 -182.82 -182.82 -182.82 -182.82 -182.82 -182.82 -182.82 -182.82 -182.82
1       10240   7.1064
Resultados S: -1315.09 -1315.09 -1315.09 -1315.09 -1315.09 -1315.09 -1315.09 -1315.09 -1315.09 -1315.09
1       15360   7.1434
Resultados S: -1441.56 -1441.56 -1441.56 -1441.56 -1441.56 -1441.56 -1441.56 -1441.56 -1441.56 -1441.56
1       40960   7.1405
Resultados S: -2191.92 -2191.92 -2191.92 -2191.92 -2191.92 -2191.92 -2191.92 -2191.92 -2191.92 -2191.92
1       81920   7.1300
Resultados S: -4053.28 -4053.28 -4053.28 -4053.28 -4053.28 -4053.28 -4053.28 -4053.28 -4053.28 -4053.28
1       163840  7.1178
Resultados S: -5225.62 -5225.62 -5225.62 -5225.62 -5225.62 -5225.62 -5225.62 -5225.62 -5225.62 -5225.62
8       384     7.1417
Resultados S: 5.59 5.59 5.59 5.59 5.59 5.59 5.59 5.59 5.59 5.59
8       1152    7.1653
Resultados S: -35.30 -35.30 -35.30 -35.30 -35.30 -35.30 -35.30 -35.30 -35.30 -35.30
8       10240   7.2681
Resultados S: -164.87 -164.87 -164.87 -164.87 -164.87 -164.87 -164.87 -164.87 -164.87 -164.87
8       15360   7.2018
Resultados S: -196.43 -196.43 -196.43 -196.43 -196.43 -196.43 -196.43 -196.43 -196.43 -196.43
8       40960   7.2980
Resultados S: -763.92 -763.92 -763.92 -763.92 -763.92 -763.92 -763.92 -763.92 -763.92 -763.92
8       81920   7.1950
Resultados S: -1315.09 -1315.09 -1315.09 -1315.09 -1315.09 -1315.09 -1315.09 -1315.09 -1315.09 -1315.09
8       163840  7.1991
Resultados S: -1691.57 -1691.57 -1691.57 -1691.57 -1691.57 -1691.57 -1691.57 -1691.57 -1691.57 -1691.57
64      384     7.2474
Resultados S: 5.59 5.59 5.59 5.59 5.59 5.59 5.59 5.59 5.59 5.59
64      1152    7.2217
Resultados S: -35.30 -35.30 -35.30 -35.30 -35.30 -35.30 -35.30 -35.30 -35.30 -35.30
64      10240   7.8769
Resultados S: -164.87 -164.87 -164.87 -164.87 -164.87 -164.87 -164.87 -164.87 -164.87 -164.87
64      15360   7.7717
Resultados S: -196.43 -196.43 -196.43 -196.43 -196.43 -196.43 -196.43 -196.43 -196.43 -196.43
64      40960   8.6146
Resultados S: -763.92 -763.92 -763.92 -763.92 -763.92 -763.92 -763.92 -763.92 -763.92 -763.92
64      81920   14.4892
Resultados S: -1315.09 -1315.09 -1315.09 -1315.09 -1315.09 -1315.09 -1315.09 -1315.09 -1315.09 -1315.09
64      163840  16.2890
Resultados S: -1691.57 -1691.57 -1691.57 -1691.57 -1691.57 -1691.57 -1691.57 -1691.57 -1691.57 -1691.57
512     384     7.9266
Resultados S: 5.59 5.59 5.59 5.59 5.59 5.59 5.59 5.59 5.59 5.59
512     1152    7.7639
Resultados S: -35.30 -35.30 -35.30 -35.30 -35.30 -35.30 -35.30 -35.30 -35.30 -35.30
512     10240   16.5156
Resultados S: -164.87 -164.87 -164.87 -164.87 -164.87 -164.87 -164.87 -164.87 -164.87 -164.87
512     15360   17.5768
Resultados S: -196.43 -196.43 -196.43 -196.43 -196.43 -196.43 -196.43 -196.43 -196.43 -196.43
512     40960   17.4846
Resultados S: -763.92 -763.92 -763.92 -763.92 -763.92 -763.92 -763.92 -763.92 -763.92 -763.92
512     81920   17.7589
Resultados S: -1315.09 -1315.09 -1315.09 -1315.09 -1315.09 -1315.09 -1315.09 -1315.09 -1315.09 -1315.09
512     163840  18.0989
Resultados S: -1691.57 -1691.57 -1691.57 -1691.57 -1691.57 -1691.57 -1691.57 -1691.57 -1691.57 -1691.57
4096    384     7.5370
Resultados S: -25.69 -25.69 -25.69 -25.69 -25.69 -25.69 -25.69 -25.69 -25.69 -25.69
4096    1152    18.8321
Resultados S: -4.98 -4.98 -4.98 -4.98 -4.98 -4.98 -4.98 -4.98 -4.98 -4.98
4096    10240   31.8118
Resultados S: -197.97 -197.97 -197.97 -197.97 -197.97 -197.97 -197.97 -197.97 -197.97 -197.97
4096    15360   31.8298
Resultados S: -119.48 -119.48 -119.48 -119.48 -119.48 -119.48 -119.48 -119.48 -119.48 -119.48
4096    40960   32.4608
Resultados S: -21.23 -21.23 -21.23 -21.23 -21.23 -21.23 -21.23 -21.23 -21.23 -21.23
4096    81920   32.4170
Resultados S: 294.52 294.52 294.52 294.52 294.52 294.52 294.52 294.52 294.52 294.52
4096    163840  32.6910
Resultados S: -462.81 -462.81 -462.81 -462.81 -462.81 -462.81 -462.81 -462.81 -462.81 -462.81
1       384     7.0779
Resultados S: 117.54 117.54 117.54 117.54 117.54 117.54 117.54 117.54 117.54 117.54
1       1152    7.0858
Resultados S: -26.97 -26.97 -26.97 -26.97 -26.97 -26.97 -26.97 -26.97 -26.97 -26.97
1       10240   7.0968
Resultados S: -335.49 -335.49 -335.49 -335.49 -335.49 -335.49 -335.49 -335.49 -335.49 -335.49
1       15360   7.1164
Resultados S: -916.92 -916.92 -916.92 -916.92 -916.92 -916.92 -916.92 -916.92 -916.92 -916.92
1       40960   7.1105
Resultados S: -1176.11 -1176.11 -1176.11 -1176.11 -1176.11 -1176.11 -1176.11 -1176.11 -1176.11 -1176.11
1       81920   7.1209
Resultados S: -2381.33 -2381.33 -2381.33 -2381.33 -2381.33 -2381.33 -2381.33 -2381.33 -2381.33 -2381.33
1       163840  7.1193
Resultados S: -2544.95 -2544.95 -2544.95 -2544.95 -2544.95 -2544.95 -2544.95 -2544.95 -2544.95 -2544.95
8       384     7.1484
Resultados S: 50.98 50.98 50.98 50.98 50.98 50.98 50.98 50.98 50.98 50.98
8       1152    7.1625
Resultados S: 107.24 107.24 107.24 107.24 107.24 107.24 107.24 107.24 107.24 107.24
8       10240   7.1582
Resultados S: -27.24 -27.24 -27.24 -27.24 -27.24 -27.24 -27.24 -27.24 -27.24 -27.24
8       15360   7.2577
Resultados S: -39.93 -39.93 -39.93 -39.93 -39.93 -39.93 -39.93 -39.93 -39.93 -39.93
8       40960   7.2119
Resultados S: -168.49 -168.49 -168.49 -168.49 -168.49 -168.49 -168.49 -168.49 -168.49 -168.49
8       81920   7.2040
Resultados S: -335.49 -335.49 -335.49 -335.49 -335.49 -335.49 -335.49 -335.49 -335.49 -335.49
8       163840  7.2162
Resultados S: -1145.94 -1145.94 -1145.94 -1145.94 -1145.94 -1145.94 -1145.94 -1145.94 -1145.94 -1145.94
64      384     7.2109
Resultados S: 50.98 50.98 50.98 50.98 50.98 50.98 50.98 50.98 50.98 50.98
64      1152    7.1984
Resultados S: 107.24 107.24 107.24 107.24 107.24 107.24 107.24 107.24 107.24 107.24
64      10240   7.5732
Resultados S: -27.24 -27.24 -27.24 -27.24 -27.24 -27.24 -27.24 -27.24 -27.24 -27.24
64      15360   7.4515
Resultados S: -39.93 -39.93 -39.93 -39.93 -39.93 -39.93 -39.93 -39.93 -39.93 -39.93
64      40960   8.4474
Resultados S: -168.49 -168.49 -168.49 -168.49 -168.49 -168.49 -168.49 -168.49 -168.49 -168.49
64      81920   14.8129
Resultados S: -335.49 -335.49 -335.49 -335.49 -335.49 -335.49 -335.49 -335.49 -335.49 -335.49
64      163840  16.3515
Resultados S: -1145.94 -1145.94 -1145.94 -1145.94 -1145.94 -1145.94 -1145.94 -1145.94 -1145.94 -1145.94
512     384     8.6875
Resultados S: 50.98 50.98 50.98 50.98 50.98 50.98 50.98 50.98 50.98 50.98
512     1152    8.1955
Resultados S: 107.24 107.24 107.24 107.24 107.24 107.24 107.24 107.24 107.24 107.24
512     10240   16.6365
Resultados S: -27.24 -27.24 -27.24 -27.24 -27.24 -27.24 -27.24 -27.24 -27.24 -27.24
512     15360   17.4186
Resultados S: -39.93 -39.93 -39.93 -39.93 -39.93 -39.93 -39.93 -39.93 -39.93 -39.93
512     40960   17.2118
Resultados S: -168.49 -168.49 -168.49 -168.49 -168.49 -168.49 -168.49 -168.49 -168.49 -168.49
512     81920   17.5563
Resultados S: -335.49 -335.49 -335.49 -335.49 -335.49 -335.49 -335.49 -335.49 -335.49 -335.49
512     163840  17.4253
Resultados S: -1145.94 -1145.94 -1145.94 -1145.94 -1145.94 -1145.94 -1145.94 -1145.94 -1145.94 -1145.94
4096    384     7.6036
Resultados S: 50.98 50.98 50.98 50.98 50.98 50.98 50.98 50.98 50.98 50.98
4096    1152    18.9017
Resultados S: 107.24 107.24 107.24 107.24 107.24 107.24 107.24 107.24 107.24 107.24
4096    10240   31.1494
Resultados S: -27.24 -27.24 -27.24 -27.24 -27.24 -27.24 -27.24 -27.24 -27.24 -27.24
4096    15360   32.5785
Resultados S: -39.93 -39.93 -39.93 -39.93 -39.93 -39.93 -39.93 -39.93 -39.93 -39.93
4096    40960   32.1599
Resultados S: -168.49 -168.49 -168.49 -168.49 -168.49 -168.49 -168.49 -168.49 -168.49 -168.49
4096    81920   32.5950
Resultados S: -335.49 -335.49 -335.49 -335.49 -335.49 -335.49 -335.49 -335.49 -335.49 -335.49
4096    163840  32.4965
Resultados S: 684.72 684.72 684.72 684.72 684.72 684.72 684.72 684.72 684.72 684.72
1       384     7.0824
Resultados S: 99.09 99.09 99.09 99.09 99.09 99.09 99.09 99.09 99.09 99.09
1       1152    7.1954
Resultados S: 228.71 228.71 228.71 228.71 228.71 228.71 228.71 228.71 228.71 228.71
1       10240   7.1007
Resultados S: 388.83 388.83 388.83 388.83 388.83 388.83 388.83 388.83 388.83 388.83
1       15360   7.1023
Resultados S: 107.70 107.70 107.70 107.70 107.70 107.70 107.70 107.70 107.70 107.70
1       40960   7.1199
Resultados S: 263.96 263.96 263.96 263.96 263.96 263.96 263.96 263.96 263.96 263.96
1       81920   7.1221
Resultados S: -863.14 -863.14 -863.14 -863.14 -863.14 -863.14 -863.14 -863.14 -863.14 -863.14
1       163840  7.1300
Resultados S: 1529.47 1529.47 1529.47 1529.47 1529.47 1529.47 1529.47 1529.47 1529.47 1529.47
8       384     7.1161
Resultados S: -4.59 -4.59 -4.59 -4.59 -4.59 -4.59 -4.59 -4.59 -4.59 -4.59
8       1152    7.1602
Resultados S: 17.10 17.10 17.10 17.10 17.10 17.10 17.10 17.10 17.10 17.10
8       10240   7.1428
Resultados S: 258.26 258.26 258.26 258.26 258.26 258.26 258.26 258.26 258.26 258.26
8       15360   7.2439
Resultados S: 85.75 85.75 85.75 85.75 85.75 85.75 85.75 85.75 85.75 85.75
8       40960   7.2103
Resultados S: 405.02 405.02 405.02 405.02 405.02 405.02 405.02 405.02 405.02 405.02
8       81920   7.2170
Resultados S: 388.83 388.83 388.83 388.83 388.83 388.83 388.83 388.83 388.83 388.83
8       163840  7.2206
Resultados S: 684.72 684.72 684.72 684.72 684.72 684.72 684.72 684.72 684.72 684.72
64      384     7.2146
Resultados S: -23.82 -23.82 -23.82 -23.82 -23.82 -23.82 -23.82 -23.82 -23.82 -23.82
64      1152    8.4026
Resultados S: -16.64 -16.64 -16.64 -16.64 -16.64 -16.64 -16.64 -16.64 -16.64 -16.64
64      10240   7.3336
Resultados S: 9.85 9.85 9.85 9.85 9.85 9.85 9.85 9.85 9.85 9.85
64      15360   7.4667
Resultados S: -103.13 -103.13 -103.13 -103.13 -103.13 -103.13 -103.13 -103.13 -103.13 -103.13
64      40960   8.6172
Resultados S: 58.67 58.67 58.67 58.67 58.67 58.67 58.67 58.67 58.67 58.67
64      81920   14.7275
Resultados S: -18.26 -18.26 -18.26 -18.26 -18.26 -18.26 -18.26 -18.26 -18.26 -18.26
64      163840  16.4149
Resultados S: -533.36 -533.36 -533.36 -533.36 -533.36 -533.36 -533.36 -533.36 -533.36 -533.36
512     384     8.0401
Resultados S: -23.82 -23.82 -23.82 -23.82 -23.82 -23.82 -23.82 -23.82 -23.82 -23.82
512     1152    7.9536
Resultados S: -16.64 -16.64 -16.64 -16.64 -16.64 -16.64 -16.64 -16.64 -16.64 -16.64
512     10240   17.0184
Resultados S: 9.85 9.85 9.85 9.85 9.85 9.85 9.85 9.85 9.85 9.85
512     15360   17.6141
Resultados S: -103.13 -103.13 -103.13 -103.13 -103.13 -103.13 -103.13 -103.13 -103.13 -103.13
512     40960   17.9960
Resultados S: 58.67 58.67 58.67 58.67 58.67 58.67 58.67 58.67 58.67 58.67
512     81920   17.5281
Resultados S: -18.26 -18.26 -18.26 -18.26 -18.26 -18.26 -18.26 -18.26 -18.26 -18.26
512     163840  17.9581
Resultados S: -533.36 -533.36 -533.36 -533.36 -533.36 -533.36 -533.36 -533.36 -533.36 -533.36
4096    384     7.5135
Resultados S: -23.82 -23.82 -23.82 -23.82 -23.82 -23.82 -23.82 -23.82 -23.82 -23.82
4096    1152    19.6184
Resultados S: -16.64 -16.64 -16.64 -16.64 -16.64 -16.64 -16.64 -16.64 -16.64 -16.64
4096    10240   31.8338
Resultados S: 9.85 9.85 9.85 9.85 9.85 9.85 9.85 9.85 9.85 9.85
4096    15360   31.8951
Resultados S: -103.13 -103.13 -103.13 -103.13 -103.13 -103.13 -103.13 -103.13 -103.13 -103.13
4096    40960   32.6720
Resultados S: 58.67 58.67 58.67 58.67 58.67 58.67 58.67 58.67 58.67 58.67
4096    81920   32.7448
Resultados S: -18.26 -18.26 -18.26 -18.26 -18.26 -18.26 -18.26 -18.26 -18.26 -18.26
4096    163840  32.8786
Resultados S: -533.36 -533.36 -533.36 -533.36 -533.36 -533.36 -533.36 -533.36 -533.36 -533.36
1       384     7.0815
Resultados S: -3.77 -3.77 -3.77 -3.77 -3.77 -3.77 -3.77 -3.77 -3.77 -3.77
1       1152    7.0857
Resultados S: 8.39 8.39 8.39 8.39 8.39 8.39 8.39 8.39 8.39 8.39
1       10240   7.1162
Resultados S: -165.59 -165.59 -165.59 -165.59 -165.59 -165.59 -165.59 -165.59 -165.59 -165.59
1       15360   7.1251
Resultados S: -369.27 -369.27 -369.27 -369.27 -369.27 -369.27 -369.27 -369.27 -369.27 -369.27
1       40960   7.1369
Resultados S: -1193.46 -1193.46 -1193.46 -1193.46 -1193.46 -1193.46 -1193.46 -1193.46 -1193.46 -1193.46
1       81920   7.1181
Resultados S: -2389.35 -2389.35 -2389.35 -2389.35 -2389.35 -2389.35 -2389.35 -2389.35 -2389.35 -2389.35
1       163840  7.1165
Resultados S: -2540.91 -2540.91 -2540.91 -2540.91 -2540.91 -2540.91 -2540.91 -2540.91 -2540.91 -2540.91
8       384     7.1109
Resultados S: -4.68 -4.68 -4.68 -4.68 -4.68 -4.68 -4.68 -4.68 -4.68 -4.68
8       1152    7.1710
Resultados S: 69.15 69.15 69.15 69.15 69.15 69.15 69.15 69.15 69.15 69.15
8       10240   7.2651
Resultados S: -31.79 -31.79 -31.79 -31.79 -31.79 -31.79 -31.79 -31.79 -31.79 -31.79
8       15360   7.1593
Resultados S: -189.62 -189.62 -189.62 -189.62 -189.62 -189.62 -189.62 -189.62 -189.62 -189.62
8       40960   7.2302
Resultados S: -207.67 -207.67 -207.67 -207.67 -207.67 -207.67 -207.67 -207.67 -207.67 -207.67
8       81920   7.1955
Resultados S: -165.59 -165.59 -165.59 -165.59 -165.59 -165.59 -165.59 -165.59 -165.59 -165.59
8       163840  7.2098
Resultados S: -722.13 -722.13 -722.13 -722.13 -722.13 -722.13 -722.13 -722.13 -722.13 -722.13
64      384     7.2182
Resultados S: -4.68 -4.68 -4.68 -4.68 -4.68 -4.68 -4.68 -4.68 -4.68 -4.68
64      1152    7.2102
Resultados S: 69.15 69.15 69.15 69.15 69.15 69.15 69.15 69.15 69.15 69.15
64      10240   7.5501
Resultados S: -31.79 -31.79 -31.79 -31.79 -31.79 -31.79 -31.79 -31.79 -31.79 -31.79
64      15360   7.4408
Resultados S: -189.62 -189.62 -189.62 -189.62 -189.62 -189.62 -189.62 -189.62 -189.62 -189.62
64      40960   8.5056
Resultados S: -207.67 -207.67 -207.67 -207.67 -207.67 -207.67 -207.67 -207.67 -207.67 -207.67
64      81920   14.7194
Resultados S: -165.59 -165.59 -165.59 -165.59 -165.59 -165.59 -165.59 -165.59 -165.59 -165.59
64      163840  16.4782
Resultados S: -722.13 -722.13 -722.13 -722.13 -722.13 -722.13 -722.13 -722.13 -722.13 -722.13
512     384     8.3344
Resultados S: -4.68 -4.68 -4.68 -4.68 -4.68 -4.68 -4.68 -4.68 -4.68 -4.68
512     1152    8.1837
Resultados S: 69.15 69.15 69.15 69.15 69.15 69.15 69.15 69.15 69.15 69.15
512     10240   16.6435
Resultados S: -31.79 -31.79 -31.79 -31.79 -31.79 -31.79 -31.79 -31.79 -31.79 -31.79
512     15360   17.6627
Resultados S: -189.62 -189.62 -189.62 -189.62 -189.62 -189.62 -189.62 -189.62 -189.62 -189.62
512     40960   18.0211
Resultados S: -207.67 -207.67 -207.67 -207.67 -207.67 -207.67 -207.67 -207.67 -207.67 -207.67
512     81920   17.7477
Resultados S: -165.59 -165.59 -165.59 -165.59 -165.59 -165.59 -165.59 -165.59 -165.59 -165.59
512     163840  17.7564
Resultados S: -722.13 -722.13 -722.13 -722.13 -722.13 -722.13 -722.13 -722.13 -722.13 -722.13
4096    384     7.5500
Resultados S: -4.68 -4.68 -4.68 -4.68 -4.68 -4.68 -4.68 -4.68 -4.68 -4.68
4096    1152    19.8255
Resultados S: 69.15 69.15 69.15 69.15 69.15 69.15 69.15 69.15 69.15 69.15
4096    10240   31.6370
Resultados S: -31.79 -31.79 -31.79 -31.79 -31.79 -31.79 -31.79 -31.79 -31.79 -31.79
4096    15360   32.2142
Resultados S: -189.62 -189.62 -189.62 -189.62 -189.62 -189.62 -189.62 -189.62 -189.62 -189.62
4096    40960   32.4634
Resultados S: -207.67 -207.67 -207.67 -207.67 -207.67 -207.67 -207.67 -207.67 -207.67 -207.67
4096    81920   32.7851
Resultados S: -732.22 -732.22 -732.22 -732.22 -732.22 -732.22 -732.22 -732.22 -732.22 -732.22
4096    163840  32.6923
Resultados S: -379.90 -379.90 -379.90 -379.90 -379.90 -379.90 -379.90 -379.90 -379.90 -379.90