1       384     6.9142
Resultados S: -4341 -4341 -4341 -4341 -4341 -4341 -4341 -4341 -4341 -4341
1       1152    6.8209
Resultados S: -3739 -3739 -3739 -3739 -3739 -3739 -3739 -3739 -3739 -3739
1       10240   6.7928
Resultados S: 11691 11691 11691 11691 11691 11691 11691 11691 11691 11691
1       15360   6.7946
Resultados S: 4621 4621 4621 4621 4621 4621 4621 4621 4621 4621
1       40960   6.7927
Resultados S: -30263 -30263 -30263 -30263 -30263 -30263 -30263 -30263 -30263 -30263
1       81920   6.7834
Resultados S: 37495 37495 37495 37495 37495 37495 37495 37495 37495 37495
1       163840  6.7905
Resultados S: 44210 44210 44210 44210 44210 44210 44210 44210 44210 44210
8       384     6.8073
Resultados S: -1513 -1513 -1513 -1513 -1513 -1513 -1513 -1513 -1513 -1513
8       1152    6.8473
Resultados S: -823 -823 -823 -823 -823 -823 -823 -823 -823 -823
8       10240   6.8708
Resultados S: -3908 -3908 -3908 -3908 -3908 -3908 -3908 -3908 -3908 -3908
8       15360   6.8778
Resultados S: -6978 -6978 -6978 -6978 -6978 -6978 -6978 -6978 -6978 -6978
8       40960   6.8756
Resultados S: -752 -752 -752 -752 -752 -752 -752 -752 -752 -752
8       81920   6.8766
Resultados S: 11691 11691 11691 11691 11691 11691 11691 11691 11691 11691
8       163840  6.8774
Resultados S: -7391 -7391 -7391 -7391 -7391 -7391 -7391 -7391 -7391 -7391
64      384     7.2703
Resultados S: 290 290 290 290 290 290 290 290 290 290
64      1152    7.2163
Resultados S: -1742 -1742 -1742 -1742 -1742 -1742 -1742 -1742 -1742 -1742
64      10240   7.8949
Resultados S: -7149 -7149 -7149 -7149 -7149 -7149 -7149 -7149 -7149 -7149
64      15360   7.5621
Resultados S: -5387 -5387 -5387 -5387 -5387 -5387 -5387 -5387 -5387 -5387
64      40960   7.4685
Resultados S: 1757 1757 1757 1757 1757 1757 1757 1757 1757 1757
64      81920   8.4366
Resultados S: -752 -752 -752 -752 -752 -752 -752 -752 -752 -752
64      163840  15.5851
Resultados S: 11691 11691 11691 11691 11691 11691 11691 11691 11691 11691
512     384     7.4786
Resultados S: 290 290 290 290 290 290 290 290 290 290
512     1152    7.5759
Resultados S: -1742 -1742 -1742 -1742 -1742 -1742 -1742 -1742 -1742 -1742
512     10240   8.1232
Resultados S: -7149 -7149 -7149 -7149 -7149 -7149 -7149 -7149 -7149 -7149
512     15360   13.4235
Resultados S: -5387 -5387 -5387 -5387 -5387 -5387 -5387 -5387 -5387 -5387
512     40960   15.6722
Resultados S: 1757 1757 1757 1757 1757 1757 1757 1757 1757 1757
512     81920   16.2117
Resultados S: -752 -752 -752 -752 -752 -752 -752 -752 -752 -752
512     163840  17.1612
Resultados S: 11691 11691 11691 11691 11691 11691 11691 11691 11691 11691
4096    384     7.5359
Resultados S: -1332 -1332 -1332 -1332 -1332 -1332 -1332 -1332 -1332 -1332
4096    1152    7.6566
Resultados S: -2609 -2609 -2609 -2609 -2609 -2609 -2609 -2609 -2609 -2609
4096    10240   25.5586
Resultados S: 12721 12721 12721 12721 12721 12721 12721 12721 12721 12721
4096    15360   25.6100
Resultados S: 16030 16030 16030 16030 16030 16030 16030 16030 16030 16030
4096    40960   25.9169
Resultados S: 13878 13878 13878 13878 13878 13878 13878 13878 13878 13878
4096    81920   25.3584
Resultados S: 8979 8979 8979 8979 8979 8979 8979 8979 8979 8979
4096    163840  25.5509
Resultados S: 20835 20835 20835 20835 20835 20835 20835 20835 20835 20835
1       384     6.7538
Resultados S: 6480 6480 6480 6480 6480 6480 6480 6480 6480 6480
1       1152    6.8133
Resultados S: 16622 16622 16622 16622 16622 16622 16622 16622 16622 16622
1       10240   6.7805
Resultados S: 20835 20835 20835 20835 20835 20835 20835 20835 20835 20835
1       15360   6.7945
Resultados S: 45957 45957 45957 45957 45957 45957 45957 45957 45957 45957
1       40960   6.8036
Resultados S: 40705 40705 40705 40705 40705 40705 40705 40705 40705 40705
1       81920   6.7856
Resultados S: -59133 -59133 -59133 -59133 -59133 -59133 -59133 -59133 -59133 -59133
1       163840  6.7890
Resultados S: -30554 -30554 -30554 -30554 -30554 -30554 -30554 -30554 -30554 -30554
8       384     6.7779
Resultados S: -1669 -1669 -1669 -1669 -1669 -1669 -1669 -1669 -1669 -1669
8       1152    6.8513
Resultados S: -1319 -1319 -1319 -1319 -1319 -1319 -1319 -1319 -1319 -1319
8       10240   6.8635
Resultados S: 20993 20993 20993 20993 20993 20993 20993 20993 20993 20993
8       15360   6.8699
Resultados S: 17620 17620 17620 17620 17620 17620 17620 17620 17620 17620
8       40960   6.8822
Resultados S: 8979 8979 8979 8979 8979 8979 8979 8979 8979 8979
8       81920   6.9545
Resultados S: 20835 20835 20835 20835 20835 20835 20835 20835 20835 20835
8       163840  6.8772
Resultados S: 63785 63785 63785 63785 63785 63785 63785 63785 63785 63785
64      384     7.2693
Resultados S: 874 874 874 874 874 874 874 874 874 874
64      1152    7.2248
Resultados S: 2562 2562 2562 2562 2562 2562 2562 2562 2562 2562
64      10240   7.4346
Resultados S: -15617 -15617 -15617 -15617 -15617 -15617 -15617 -15617 -15617 -15617
64      15360   7.5407
Resultados S: -16406 -16406 -16406 -16406 -16406 -16406 -16406 -16406 -16406 -16406
64      40960   7.7888
Resultados S: -16285 -16285 -16285 -16285 -16285 -16285 -16285 -16285 -16285 -16285
64      81920   8.9784
Resultados S: -7279 -7279 -7279 -7279 -7279 -7279 -7279 -7279 -7279 -7279
64      163840  15.6483
Resultados S: 32166 32166 32166 32166 32166 32166 32166 32166 32166 32166
512     384     7.2839
Resultados S: 874 874 874 874 874 874 874 874 874 874
512     1152    7.6592
Resultados S: 2562 2562 2562 2562 2562 2562 2562 2562 2562 2562
512     10240   8.1288
Resultados S: -15617 -15617 -15617 -15617 -15617 -15617 -15617 -15617 -15617 -15617
512     15360   13.3121
Resultados S: -16406 -16406 -16406 -16406 -16406 -16406 -16406 -16406 -16406 -16406
512     40960   15.5741
Resultados S: -16285 -16285 -16285 -16285 -16285 -16285 -16285 -16285 -16285 -16285
512     81920   16.4101
Resultados S: -7279 -7279 -7279 -7279 -7279 -7279 -7279 -7279 -7279 -7279
512     163840  16.8152
Resultados S: 32166 32166 32166 32166 32166 32166 32166 32166 32166 32166
4096    384     7.5448
Resultados S: 874 874 874 874 874 874 874 874 874 874
4096    1152    7.5439
Resultados S: 2562 2562 2562 2562 2562 2562 2562 2562 2562 2562
4096    10240   25.6120
Resultados S: -15617 -15617 -15617 -15617 -15617 -15617 -15617 -15617 -15617 -15617
4096    15360   25.1503
Resultados S: -16406 -16406 -16406 -16406 -16406 -16406 -16406 -16406 -16406 -16406
4096    40960   25.0696
Resultados S: -16285 -16285 -16285 -16285 -16285 -16285 -16285 -16285 -16285 -16285
4096    81920   25.6178
Resultados S: -7279 -7279 -7279 -7279 -7279 -7279 -7279 -7279 -7279 -7279
4096    163840  25.2913
Resultados S: 32166 32166 32166 32166 32166 32166 32166 32166 32166 32166
1       384     6.7601
Resultados S: -9230 -9230 -9230 -9230 -9230 -9230 -9230 -9230 -9230 -9230
1       1152    6.7684
Resultados S: -14162 -14162 -14162 -14162 -14162 -14162 -14162 -14162 -14162 -14162
1       10240   6.7825
Resultados S: 32166 32166 32166 32166 32166 32166 32166 32166 32166 32166
1       15360   6.7973
Resultados S: 27084 27084 27084 27084 27084 27084 27084 27084 27084 27084
1       40960   6.7938
Resultados S: 6718 6718 6718 6718 6718 6718 6718 6718 6718 6718
1       81920   6.7839
Resultados S: -42326 -42326 -42326 -42326 -42326 -42326 -42326 -42326 -42326 -42326
1       163840  6.7905
Resultados S: -68667 -68667 -68667 -68667 -68667 -68667 -68667 -68667 -68667 -68667
8       384     6.7763
Resultados S: -322 -322 -322 -322 -322 -322 -322 -322 -322 -322
8       1152    6.8424
Resultados S: -1187 -1187 -1187 -1187 -1187 -1187 -1187 -1187 -1187 -1187
8       10240   6.8782
Resultados S: 7708 7708 7708 7708 7708 7708 7708 7708 7708 7708
8       15360   6.8833
Resultados S: 17796 17796 17796 17796 17796 17796 17796 17796 17796 17796
8       40960   6.8802
Resultados S: 19498 19498 19498 19498 19498 19498 19498 19498 19498 19498
8       81920   6.9640
Resultados S: 34958 34958 34958 34958 34958 34958 34958 34958 34958 34958
8       163840  6.8829
Resultados S: 52942 52942 52942 52942 52942 52942 52942 52942 52942 52942
64      384     7.2693
Resultados S: 878 878 878 878 878 878 878 878 878 878
64      1152    7.2142
Resultados S: -1049 -1049 -1049 -1049 -1049 -1049 -1049 -1049 -1049 -1049
64      10240   7.6421
Resultados S: 7283 7283 7283 7283 7283 7283 7283 7283 7283 7283
64      15360   8.2531
Resultados S: 9003 9003 9003 9003 9003 9003 9003 9003 9003 9003
64      40960   7.9813
Resultados S: 15262 15262 15262 15262 15262 15262 15262 15262 15262 15262
64      81920   8.3932
Resultados S: 19498 19498 19498 19498 19498 19498 19498 19498 19498 19498
64      163840  15.5715
Resultados S: 34958 34958 34958 34958 34958 34958 34958 34958 34958 34958
512     384     7.4380
Resultados S: 878 878 878 878 878 878 878 878 878 878
512     1152    7.6351
Resultados S: -1049 -1049 -1049 -1049 -1049 -1049 -1049 -1049 -1049 -1049
512     10240   8.6190
Resultados S: 7283 7283 7283 7283 7283 7283 7283 7283 7283 7283
512     15360   13.3547
Resultados S: 9003 9003 9003 9003 9003 9003 9003 9003 9003 9003
512     40960   15.6609
Resultados S: 15262 15262 15262 15262 15262 15262 15262 15262 15262 15262
512     81920   16.4587
Resultados S: 19498 19498 19498 19498 19498 19498 19498 19498 19498 19498
512     163840  16.7377
Resultados S: 34958 34958 34958 34958 34958 34958 34958 34958 34958 34958
4096    384     7.5885
Resultados S: 878 878 878 878 878 878 878 878 878 878
4096    1152    7.6226
Resultados S: -1049 -1049 -1049 -1049 -1049 -1049 -1049 -1049 -1049 -1049
4096    10240   25.6031
Resultados S: 7283 7283 7283 7283 7283 7283 7283 7283 7283 7283
4096    15360   24.3433
Resultados S: 9003 9003 9003 9003 9003 9003 9003 9003 9003 9003
4096    40960   25.2500
Resultados S: 15262 15262 15262 15262 15262 15262 15262 15262 15262 15262
4096    81920   25.2289
Resultados S: 19498 19498 19498 19498 19498 19498 19498 19498 19498 19498
4096    163840  25.5843
Resultados S: 34958 34958 34958 34958 34958 34958 34958 34958 34958 34958
1       384     6.7567
Resultados S: -654 -654 -654 -654 -654 -654 -654 -654 -654 -654
1       1152    6.7959
Resultados S: 10887 10887 10887 10887 10887 10887 10887 10887 10887 10887
1       10240   6.7930
Resultados S: 34958 34958 34958 34958 34958 34958 34958 34958 34958 34958
1       15360   6.7959
Resultados S: 49935 49935 49935 49935 49935 49935 49935 49935 49935 49935
1       40960   6.7979
Resultados S: 6199 6199 6199 6199 6199 6199 6199 6199 6199 6199
1       81920   6.7883
Resultados S: -26325 -26325 -26325 -26325 -26325 -26325 -26325 -26325 -26325 -26325
1       163840  6.7896
Resultados S: -40248 -40248 -40248 -40248 -40248 -40248 -40248 -40248 -40248 -40248
8       384     6.7966
Resultados S: -1187 -1187 -1187 -1187 -1187 -1187 -1187 -1187 -1187 -1187
8       1152    6.8441
Resultados S: -2057 -2057 -2057 -2057 -2057 -2057 -2057 -2057 -2057 -2057
8       10240   6.8824
Resultados S: 1084 1084 1084 1084 1084 1084 1084 1084 1084 1084
8       15360   6.8824
Resultados S: 6965 6965 6965 6965 6965 6965 6965 6965 6965 6965
8       40960   6.9797
Resultados S: -12306 -12306 -12306 -12306 -12306 -12306 -12306 -12306 -12306 -12306
8       81920   6.8706
Resultados S: -25809 -25809 -25809 -25809 -25809 -25809 -25809 -25809 -25809 -25809
8       163840  6.8795
Resultados S: -37990 -37990 -37990 -37990 -37990 -37990 -37990 -37990 -37990 -37990
64      384     7.2833
Resultados S: -717 -717 -717 -717 -717 -717 -717 -717 -717 -717
64      1152    7.2273
Resultados S: -1521 -1521 -1521 -1521 -1521 -1521 -1521 -1521 -1521 -1521
64      10240   7.9510
Resultados S: 7389 7389 7389 7389 7389 7389 7389 7389 7389 7389
64      15360   7.6878
Resultados S: 3003 3003 3003 3003 3003 3003 3003 3003 3003 3003
64      40960   7.5528
Resultados S: 1406 1406 1406 1406 1406 1406 1406 1406 1406 1406
64      81920   8.3786
Resultados S: -12306 -12306 -12306 -12306 -12306 -12306 -12306 -12306 -12306 -12306
64      163840  15.5444
Resultados S: -25809 -25809 -25809 -25809 -25809 -25809 -25809 -25809 -25809 -25809
512     384     7.3312
Resultados S: -717 -717 -717 -717 -717 -717 -717 -717 -717 -717
512     1152    7.5580
Resultados S: -1521 -1521 -1521 -1521 -1521 -1521 -1521 -1521 -1521 -1521
512     10240   8.3822
Resultados S: 7389 7389 7389 7389 7389 7389 7389 7389 7389 7389
512     15360   13.4426
Resultados S: 3003 3003 3003 3003 3003 3003 3003 3003 3003 3003
512     40960   15.7706
Resultados S: 1406 1406 1406 1406 1406 1406 1406 1406 1406 1406
512     81920   16.1644
Resultados S: -12306 -12306 -12306 -12306 -12306 -12306 -12306 -12306 -12306 -12306
512     163840  16.7700
Resultados S: -25809 -25809 -25809 -25809 -25809 -25809 -25809 -25809 -25809 -25809
4096    384     7.5974
Resultados S: -717 -717 -717 -717 -717 -717 -717 -717 -717 -717
4096    1152    7.5443
Resultados S: -1521 -1521 -1521 -1521 -1521 -1521 -1521 -1521 -1521 -1521
4096    10240   23.9826
Resultados S: 7389 7389 7389 7389 7389 7389 7389 7389 7389 7389
4096    15360   26.2766
Resultados S: 3003 3003 3003 3003 3003 3003 3003 3003 3003 3003
4096    40960   25.2058
Resultados S: 1406 1406 1406 1406 1406 1406 1406 1406 1406 1406
4096    81920   25.1740
Resultados S: -12306 -12306 -12306 -12306 -12306 -12306 -12306 -12306 -12306 -12306
4096    163840  25.6776
Resultados S: -25809 -25809 -25809 -25809 -25809 -25809 -25809 -25809 -25809 -25809
1       384     6.7567
Resultados S: -7889 -7889 -7889 -7889 -7889 -7889 -7889 -7889 -7889 -7889
1       1152    6.8220
Resultados S: 5436 5436 5436 5436 5436 5436 5436 5436 5436 5436
1       10240   6.7883
Resultados S: 29596 29596 29596 29596 29596 29596 29596 29596 29596 29596
1       15360   6.7868
Resultados S: 45623 45623 45623 45623 45623 45623 45623 45623 45623 45623
1       40960   6.8028
Resultados S: -19253 -19253 -19253 -19253 -19253 -19253 -19253 -19253 -19253 -19253
1       81920   6.7843
Resultados S: -40905 -40905 -40905 -40905 -40905 -40905 -40905 -40905 -40905 -40905
1       163840  6.7861
Resultados S: -99762 -99762 -99762 -99762 -99762 -99762 -99762 -99762 -99762 -99762
8       384     6.8031
Resultados S: -1555 -1555 -1555 -1555 -1555 -1555 -1555 -1555 -1555 -1555
8       1152    6.8454
Resultados S: -488 -488 -488 -488 -488 -488 -488 -488 -488 -488
8       10240   6.8295
Resultados S: 2061 2061 2061 2061 2061 2061 2061 2061 2061 2061
8       15360   6.8722
Resultados S: 3768 3768 3768 3768 3768 3768 3768 3768 3768 3768
8       40960   6.8782
Resultados S: -1978 -1978 -1978 -1978 -1978 -1978 -1978 -1978 -1978 -1978
8       81920   6.8773
Resultados S: 29596 29596 29596 29596 29596 29596 29596 29596 29596 29596
8       163840  6.8759
Resultados S: 51712 51712 51712 51712 51712 51712 51712 51712 51712 51712
64      384     7.2812
Resultados S: -617 -617 -617 -617 -617 -617 -617 -617 -617 -617
64      1152    7.2306
Resultados S: -225 -225 -225 -225 -225 -225 -225 -225 -225 -225
64      10240   7.8475
Resultados S: -3607 -3607 -3607 -3607 -3607 -3607 -3607 -3607 -3607 -3607
64      15360   7.4846
Resultados S: 3795 3795 3795 3795 3795 3795 3795 3795 3795 3795
64      40960   7.4899
Resultados S: 617 617 617 617 617 617 617 617 617 617
64      81920   8.6938
Resultados S: -1978 -1978 -1978 -1978 -1978 -1978 -1978 -1978 -1978 -1978
64      163840  15.5820
Resultados S: 29596 29596 29596 29596 29596 29596 29596 29596 29596 29596
512     384     7.2703
Resultados S: -617 -617 -617 -617 -617 -617 -617 -617 -617 -617
512     1152    7.6019
Resultados S: -225 -225 -225 -225 -225 -225 -225 -225 -225 -225
512     10240   8.5756
Resultados S: -3607 -3607 -3607 -3607 -3607 -3607 -3607 -3607 -3607 -3607
512     15360   13.3498
Resultados S: 3795 3795 3795 3795 3795 3795 3795 3795 3795 3795
512     40960   15.7718
Resultados S: 617 617 617 617 617 617 617 617 617 617
512     81920   16.3045
Resultados S: -1978 -1978 -1978 -1978 -1978 -1978 -1978 -1978 -1978 -1978
512     163840  16.6188
Resultados S: 29596 29596 29596 29596 29596 29596 29596 29596 29596 29596
4096    384     7.5807
Resultados S: -617 -617 -617 -617 -617 -617 -617 -617 -617 -617
4096    1152    7.5391
Resultados S: -225 -225 -225 -225 -225 -225 -225 -225 -225 -225
4096    10240   23.7907
Resultados S: -3607 -3607 -3607 -3607 -3607 -3607 -3607 -3607 -3607 -3607
4096    15360   24.1503
Resultados S: 3795 3795 3795 3795 3795 3795 3795 3795 3795 3795
4096    40960   25.0785
Resultados S: 617 617 617 617 617 617 617 617 617 617
4096    81920   25.2559
Resultados S: -1978 -1978 -1978 -1978 -1978 -1978 -1978 -1978 -1978 -1978
4096    163840  25.4679
Resultados S: 29596 29596 29596 29596 29596 29596 29596 29596 29596 29596
1       384     6.7511
Resultados S: 7689 7689 7689 7689 7689 7689 7689 7689 7689 7689
1       1152    6.7906
Resultados S: 2651 2651 2651 2651 2651 2651 2651 2651 2651 2651
1       10240   6.7860
Resultados S: 52356 52356 52356 52356 52356 52356 52356 52356 52356 52356
1       15360   6.7917
Resultados S: 17097 17097 17097 17097 17097 17097 17097 17097 17097 17097
1       40960   6.8027
Resultados S: -19863 -19863 -19863 -19863 -19863 -19863 -19863 -19863 -19863 -19863
1       81920   6.7899
Resultados S: -91874 -91874 -91874 -91874 -91874 -91874 -91874 -91874 -91874 -91874
1       163840  6.7886
Resultados S: -21911 -21911 -21911 -21911 -21911 -21911 -21911 -21911 -21911 -21911
8       384     6.7979
Resultados S: -1156 -1156 -1156 -1156 -1156 -1156 -1156 -1156 -1156 -1156
8       1152    6.8554
Resultados S: 257 257 257 257 257 257 257 257 257 257
8       10240   6.8301
Resultados S: 6007 6007 6007 6007 6007 6007 6007 6007 6007 6007
8       15360   6.8897
Resultados S: -993 -993 -993 -993 -993 -993 -993 -993 -993 -993
8       40960   6.8786
Resultados S: 27216 27216 27216 27216 27216 27216 27216 27216 27216 27216
8       81920   6.9034
Resultados S: 52356 52356 52356 52356 52356 52356 52356 52356 52356 52356
8       163840  6.8881
Resultados S: 37909 37909 37909 37909 37909 37909 37909 37909 37909 37909
64      384     7.2687
Resultados S: 32 32 32 32 32 32 32 32 32 32
64      1152    7.2359
Resultados S: 920 920 920 920 920 920 920 920 920 920
64      10240   7.5582
Resultados S: 4704 4704 4704 4704 4704 4704 4704 4704 4704 4704
64      15360   7.7115
Resultados S: 4305 4305 4305 4305 4305 4305 4305 4305 4305 4305
64      40960   7.5389
Resultados S: 4740 4740 4740 4740 4740 4740 4740 4740 4740 4740
64      81920   8.6037
Resultados S: 27216 27216 27216 27216 27216 27216 27216 27216 27216 27216
64      163840  15.5762
Resultados S: 52356 52356 52356 52356 52356 52356 52356 52356 52356 52356
512     384     7.2365
Resultados S: 32 32 32 32 32 32 32 32 32 32
512     1152    7.6585
Resultados S: 920 920 920 920 920 920 920 920 920 920
512     10240   8.7087
Resultados S: 4704 4704 4704 4704 4704 4704 4704 4704 4704 4704
512     15360   13.1997
Resultados S: 4305 4305 4305 4305 4305 4305 4305 4305 4305 4305
512     40960   15.5866
Resultados S: 4740 4740 4740 4740 4740 4740 4740 4740 4740 4740
512     81920   16.3547
Resultados S: 27216 27216 27216 27216 27216 27216 27216 27216 27216 27216
512     163840  17.0622
Resultados S: 52356 52356 52356 52356 52356 52356 52356 52356 52356 52356
4096    384     7.6437
Resultados S: 32 32 32 32 32 32 32 32 32 32
4096    1152    7.6243
Resultados S: 920 920 920 920 920 920 920 920 920 920
4096    10240   25.8473
Resultados S: 4704 4704 4704 4704 4704 4704 4704 4704 4704 4704
4096    15360   25.5865
Resultados S: 4305 4305 4305 4305 4305 4305 4305 4305 4305 4305
4096    40960   25.1354
Resultados S: 4740 4740 4740 4740 4740 4740 4740 4740 4740 4740
4096    81920   25.5084
Resultados S: 27216 27216 27216 27216 27216 27216 27216 27216 27216 27216
4096    163840  25.4551
Resultados S: 18885 18885 18885 18885 18885 18885 18885 18885 18885 18885
1       384     6.7568
Resultados S: 7611 7611 7611 7611 7611 7611 7611 7611 7611 7611
1       1152    6.8053
Resultados S: -9321 -9321 -9321 -9321 -9321 -9321 -9321 -9321 -9321 -9321
1       10240   6.7883
Resultados S: 18885 18885 18885 18885 18885 18885 18885 18885 18885 18885
1       15360   6.7933
Resultados S: -774 -774 -774 -774 -774 -774 -774 -774 -774 -774
1       40960   6.8004
Resultados S: -34926 -34926 -34926 -34926 -34926 -34926 -34926 -34926 -34926 -34926
1       81920   6.7939
Resultados S: -65084 -65084 -65084 -65084 -65084 -65084 -65084 -65084 -65084 -65084
1       163840  6.7896
Resultados S: -41257 -41257 -41257 -41257 -41257 -41257 -41257 -41257 -41257 -41257
8       384     6.8068
Resultados S: -643 -643 -643 -643 -643 -643 -643 -643 -643 -643
8       1152    6.8532
Resultados S: 3449 3449 3449 3449 3449 3449 3449 3449 3449 3449
8       10240   6.8593
Resultados S: -8929 -8929 -8929 -8929 -8929 -8929 -8929 -8929 -8929 -8929
8       15360   6.9054
Resultados S: -7754 -7754 -7754 -7754 -7754 -7754 -7754 -7754 -7754 -7754
8       40960   6.8892
Resultados S: -6545 -6545 -6545 -6545 -6545 -6545 -6545 -6545 -6545 -6545
8       81920   6.8756
Resultados S: 18885 18885 18885 18885 18885 18885 18885 18885 18885 18885
8       163840  6.8818
Resultados S: -14273 -14273 -14273 -14273 -14273 -14273 -14273 -14273 -14273 -14273
64      384     7.2568
Resultados S: 205 205 205 205 205 205 205 205 205 205
64      1152    7.2267
Resultados S: -490 -490 -490 -490 -490 -490 -490 -490 -490 -490
64      10240   7.5090
Resultados S: -1655 -1655 -1655 -1655 -1655 -1655 -1655 -1655 -1655 -1655
64      15360   7.7351
Resultados S: -8385 -8385 -8385 -8385 -8385 -8385 -8385 -8385 -8385 -8385
64      40960   7.5104
Resultados S: -11921 -11921 -11921 -11921 -11921 -11921 -11921 -11921 -11921 -11921
64      81920   8.4657
Resultados S: -6545 -6545 -6545 -6545 -6545 -6545 -6545 -6545 -6545 -6545
64      163840  15.5168
Resultados S: 18885 18885 18885 18885 18885 18885 18885 18885 18885 18885
512     384     7.3198
Resultados S: 205 205 205 205 205 205 205 205 205 205
512     1152    7.6174
Resultados S: -490 -490 -490 -490 -490 -490 -490 -490 -490 -490
512     10240   8.4714
Resultados S: -1655 -1655 -1655 -1655 -1655 -1655 -1655 -1655 -1655 -1655
512     15360   13.1471
Resultados S: -8385 -8385 -8385 -8385 -8385 -8385 -8385 -8385 -8385 -8385
512     40960   15.8075
Resultados S: -11921 -11921 -11921 -11921 -11921 -11921 -11921 -11921 -11921 -11921
512     81920   16.3212
Resultados S: -6545 -6545 -6545 -6545 -6545 -6545 -6545 -6545 -6545 -6545
512     163840  17.1756
Resultados S: 18885 18885 18885 18885 18885 18885 18885 18885 18885 18885
4096    384     7.6172
Resultados S: 205 205 205 205 205 205 205 205 205 205
4096    1152    7.5462
Resultados S: -490 -490 -490 -490 -490 -490 -490 -490 -490 -490
4096    10240   23.9037
Resultados S: -1655 -1655 -1655 -1655 -1655 -1655 -1655 -1655 -1655 -1655
4096    15360   25.5031
Resultados S: -8385 -8385 -8385 -8385 -8385 -8385 -8385 -8385 -8385 -8385
4096    40960   25.1259
Resultados S: -11921 -11921 -11921 -11921 -11921 -11921 -11921 -11921 -11921 -11921
4096    81920   25.3476
Resultados S: 9702 9702 9702 9702 9702 9702 9702 9702 9702 9702
4096    163840  25.2864
Resultados S: 10671 10671 10671 10671 10671 10671 10671 10671 10671 10671
1       384     6.9567
Resultados S: 514 514 514 514 514 514 514 514 514 514
1       1152    6.8047
Resultados S: -5198 -5198 -5198 -5198 -5198 -5198 -5198 -5198 -5198 -5198
1       10240   6.7956
Resultados S: 10671 10671 10671 10671 10671 10671 10671 10671 10671 10671
1       15360   6.7867
Resultados S: 7963 7963 7963 7963 7963 7963 7963 7963 7963 7963
1       40960   6.8009
Resultados S: 16717 16717 16717 16717 16717 16717 16717 16717 16717 16717
1       81920   6.7887
Resultados S: 30070 30070 30070 30070 30070 30070 30070 30070 30070 30070
1       163840  6.7890
Resultados S: -74331 -74331 -74331 -74331 -74331 -74331 -74331 -74331 -74331 -74331
8       384     6.7883
Resultados S: 1313 1313 1313 1313 1313 1313 1313 1313 1313 1313
8       1152    6.8474
Resultados S: 599 599 599 599 599 599 599 599 599 599
8       10240   6.8778
Resultados S: -7011 -7011 -7011 -7011 -7011 -7011 -7011 -7011 -7011 -7011
8       15360   6.8777
Resultados S: -5655 -5655 -5655 -5655 -5655 -5655 -5655 -5655 -5655 -5655
8       40960   6.8782
Resultados S: 9702 9702 9702 9702 9702 9702 9702 9702 9702 9702
8       81920   6.9234
Resultados S: 10671 10671 10671 10671 10671 10671 10671 10671 10671 10671
8       163840  6.8736
Resultados S: 38417 38417 38417 38417 38417 38417 38417 38417 38417 38417
64      384     7.2609
Resultados S: 304 304 304 304 304 304 304 304 304 304
64      1152    7.2220
Resultados S: 111 111 111 111 111 111 111 111 111 111
64      10240   7.7023
Resultados S: -2985 -2985 -2985 -2985 -2985 -2985 -2985 -2985 -2985 -2985
64      15360   7.6076
Resultados S: -6004 -6004 -6004 -6004 -6004 -6004 -6004 -6004 -6004 -6004
64      40960   7.5650
Resultados S: -6499 -6499 -6499 -6499 -6499 -6499 -6499 -6499 -6499 -6499
64      81920   8.7621
Resultados S: 9702 9702 9702 9702 9702 9702 9702 9702 9702 9702
64      163840  15.5051
Resultados S: 10671 10671 10671 10671 10671 10671 10671 10671 10671 10671
512     384     7.2828
Resultados S: 304 304 304 304 304 304 304 304 304 304
512     1152    7.5774
Resultados S: 111 111 111 111 111 111 111 111 111 111
512     10240   8.4851
Resultados S: -2985 -2985 -2985 -2985 -2985 -2985 -2985 -2985 -2985 -2985
512     15360   13.4375
Resultados S: -6004 -6004 -6004 -6004 -6004 -6004 -6004 -6004 -6004 -6004
512     40960   15.7628
Resultados S: -6499 -6499 -6499 -6499 -6499 -6499 -6499 -6499 -6499 -6499
512     81920   16.3157
Resultados S: 9702 9702 9702 9702 9702 9702 9702 9702 9702 9702
512     163840  16.7583
Resultados S: 10671 10671 10671 10671 10671 10671 10671 10671 10671 10671
4096    384     7.5604
Resultados S: -569 -569 -569 -569 -569 -569 -569 -569 -569 -569
4096    1152    7.5948
Resultados S: -1804 -1804 -1804 -1804 -1804 -1804 -1804 -1804 -1804 -1804
4096    10240   23.9655
Resultados S: 1776 1776 1776 1776 1776 1776 1776 1776 1776 1776
4096    15360   25.4278
Resultados S: 6076 6076 6076 6076 6076 6076 6076 6076 6076 6076
4096    40960   25.1433
Resultados S: 6761 6761 6761 6761 6761 6761 6761 6761 6761 6761
4096    81920   25.7662
Resultados S: 15234 15234 15234 15234 15234 15234 15234 15234 15234 15234
4096    163840  25.4872
Resultados S: 11042 11042 11042 11042 11042 11042 11042 11042 11042 11042
1       384     6.7595
Resultados S: -759 -759 -759 -759 -759 -759 -759 -759 -759 -759
1       1152    6.8062
Resultados S: 5578 5578 5578 5578 5578 5578 5578 5578 5578 5578
1       10240   6.7964
Resultados S: 11042 11042 11042 11042 11042 11042 11042 11042 11042 11042
1       15360   6.7954
Resultados S: 35288 35288 35288 35288 35288 35288 35288 35288 35288 35288
1       40960   6.7997
Resultados S: 30571 30571 30571 30571 30571 30571 30571 30571 30571 30571
1       81920   6.7943
Resultados S: 48413 48413 48413 48413 48413 48413 48413 48413 48413 48413
1       163840  6.7887
Resultados S: 113321 113321 113321 113321 113321 113321 113321 113321 113321 113321
8       384     6.7898
Resultados S: -11 -11 -11 -11 -11 -11 -11 -11 -11 -11
8       1152    6.8494
Resultados S: -4535 -4535 -4535 -4535 -4535 -4535 -4535 -4535 -4535 -4535
8       10240   6.8547
Resultados S: 6390 6390 6390 6390 6390 6390 6390 6390 6390 6390
8       15360   6.8578
Resultados S: 13116 13116 13116 13116 13116 13116 13116 13116 13116 13116
8       40960   6.8852
Resultados S: 15234 15234 15234 15234 15234 15234 15234 15234 15234 15234
8       81920   6.9233
Resultados S: 11042 11042 11042 11042 11042 11042 11042 11042 11042 11042
8       163840  6.8775
Resultados S: -2845 -2845 -2845 -2845 -2845 -2845 -2845 -2845 -2845 -2845
64      384     7.2557
Resultados S: 1021 1021 1021 1021 1021 1021 1021 1021 1021 1021
64      1152    7.2148
Resultados S: -285 -285 -285 -285 -285 -285 -285 -285 -285 -285
64      10240   7.7017
Resultados S: 8431 8431 8431 8431 8431 8431 8431 8431 8431 8431
64      15360   7.5352
Resultados S: 6792 6792 6792 6792 6792 6792 6792 6792 6792 6792
64      40960   7.8550
Resultados S: 1894 1894 1894 1894 1894 1894 1894 1894 1894 1894
64      81920   8.3189
Resultados S: 474 474 474 474 474 474 474 474 474 474
64      163840  15.6221
Resultados S: 2728 2728 2728 2728 2728 2728 2728 2728 2728 2728
512     384     7.2573
Resultados S: 1021 1021 1021 1021 1021 1021 1021 1021 1021 1021
512     1152    11.1378
Resultados S: -285 -285 -285 -285 -285 -285 -285 -285 -285 -285
512     10240   8.5428
Resultados S: 8431 8431 8431 8431 8431 8431 8431 8431 8431 8431
512     15360   13.1519
Resultados S: 6792 6792 6792 6792 6792 6792 6792 6792 6792 6792
512     40960   15.6845
Resultados S: 1894 1894 1894 1894 1894 1894 1894 1894 1894 1894
512     81920   16.7621
Resultados S: 474 474 474 474 474 474 474 474 474 474
512     163840  16.7411
Resultados S: 2728 2728 2728 2728 2728 2728 2728 2728 2728 2728
4096    384     7.6536
Resultados S: 1021 1021 1021 1021 1021 1021 1021 1021 1021 1021
4096    1152    7.6481
Resultados S: -285 -285 -285 -285 -285 -285 -285 -285 -285 -285
4096    10240   23.9315
Resultados S: 8431 8431 8431 8431 8431 8431 8431 8431 8431 8431
4096    15360   24.4192
Resultados S: 6792 6792 6792 6792 6792 6792 6792 6792 6792 6792
4096    40960   25.0824
Resultados S: 1894 1894 1894 1894 1894 1894 1894 1894 1894 1894
4096    81920   25.3563
Resultados S: 474 474 474 474 474 474 474 474 474 474
4096    163840  25.4938
Resultados S: 2728 2728 2728 2728 2728 2728 2728 2728 2728 2728
1       384     6.9132
Resultados S: 7964 7964 7964 7964 7964 7964 7964 7964 7964 7964
1       1152    6.7687
Resultados S: 1831 1831 1831 1831 1831 1831 1831 1831 1831 1831
1       10240   6.7903
Resultados S: 2728 2728 2728 2728 2728 2728 2728 2728 2728 2728
1       15360   6.7894
Resultados S: -8744 -8744 -8744 -8744 -8744 -8744 -8744 -8744 -8744 -8744
1       40960   6.7963
Resultados S: 38929 38929 38929 38929 38929 38929 38929 38929 38929 38929
1       81920   6.7851
Resultados S: 56401 56401 56401 56401 56401 56401 56401 56401 56401 56401
1       163840  6.7879
Resultados S: 14763 14763 14763 14763 14763 14763 14763 14763 14763 14763
8       384     6.7906
Resultados S: -1546 -1546 -1546 -1546 -1546 -1546 -1546 -1546 -1546 -1546
8       1152    6.8422
Resultados S: -4855 -4855 -4855 -4855 -4855 -4855 -4855 -4855 -4855 -4855
8       10240   6.8722
Resultados S: -11950 -11950 -11950 -11950 -11950 -11950 -11950 -11950 -11950 -11950
8       15360   6.8787
Resultados S: -9031 -9031 -9031 -9031 -9031 -9031 -9031 -9031 -9031 -9031
8       40960   6.8629
Resultados S: -15394 -15394 -15394 -15394 -15394 -15394 -15394 -15394 -15394 -15394
8       81920   6.9088
Resultados S: -14681 -14681 -14681 -14681 -14681 -14681 -14681 -14681 -14681 -14681
8       163840  6.8812
Resultados S: -51766 -51766 -51766 -51766 -51766 -51766 -51766 -51766 -51766 -51766
64      384     7.2453
Resultados S: 67 67 67 67 67 67 67 67 67 67
64      1152    7.2420
Resultados S: -3508 -3508 -3508 -3508 -3508 -3508 -3508 -3508 -3508 -3508
64      10240   7.8905
Resultados S: -14981 -14981 -14981 -14981 -14981 -14981 -14981 -14981 -14981 -14981
64      15360   7.5008
Resultados S: -11006 -11006 -11006 -11006 -11006 -11006 -11006 -11006 -11006 -11006
64      40960   7.8937
Resultados S: -9848 -9848 -9848 -9848 -9848 -9848 -9848 -9848 -9848 -9848
64      81920   8.7168
Resultados S: -15394 -15394 -15394 -15394 -15394 -15394 -15394 -15394 -15394 -15394
64      163840  15.4869
Resultados S: -14681 -14681 -14681 -14681 -14681 -14681 -14681 -14681 -14681 -14681
512     384     7.3240
Resultados S: 67 67 67 67 67 67 67 67 67 67
512     1152    7.5641
Resultados S: -3508 -3508 -3508 -3508 -3508 -3508 -3508 -3508 -3508 -3508
512     10240   8.4128
Resultados S: -14981 -14981 -14981 -14981 -14981 -14981 -14981 -14981 -14981 -14981
512     15360   13.3061
Resultados S: -11006 -11006 -11006 -11006 -11006 -11006 -11006 -11006 -11006 -11006
512     40960   15.7863
Resultados S: -9848 -9848 -9848 -9848 -9848 -9848 -9848 -9848 -9848 -9848
512     81920   16.3793
Resultados S: -15394 -15394 -15394 -15394 -15394 -15394 -15394 -15394 -15394 -15394
512     163840  16.6192
Resultados S: -14681 -14681 -14681 -14681 -14681 -14681 -14681 -14681 -14681 -14681
4096    384     7.5948
Resultados S: 67 67 67 67 67 67 67 67 67 67
4096    1152    7.5627
Resultados S: -3508 -3508 -3508 -3508 -3508 -3508 -3508 -3508 -3508 -3508
4096    10240   23.7709
Resultados S: -14981 -14981 -14981 -14981 -14981 -14981 -14981 -14981 -14981 -14981
4096    15360   24.3415
Resultados S: -11006 -11006 -11006 -11006 -11006 -11006 -11006 -11006 -11006 -11006
4096    40960   25.0850
Resultados S: -9848 -9848 -9848 -9848 -9848 -9848 -9848 -9848 -9848 -9848
4096    81920   25.1273
Resultados S: -15394 -15394 -15394 -15394 -15394 -15394 -15394 -15394 -15394 -15394
4096    163840  25.4652
Resultados S: -14681 -14681 -14681 -14681 -14681 -14681 -14681 -14681 -14681 -14681